4904  9
9200  9
3456  8
7608  8
6400  9
9208  9
10984  9
3272  8
7184  10
12120  8
12344  9
1040  9
912  8
5384  9
11440  9
7136  9
9416  8
7688  9
13096  10
5928  8
4992  8
9384  9
6568  8
4224  8
160  8
1168  8
7456  9
12224  9
13832  9
5136  8
5832  9
2904  9
9216  9
6840  9
9336  8
10176  8
3336  8
7928  9
2664  8
14512  9
14144  8
8872  8
14528  9
8520  9
528  8
11552  9
6648  9
6168  8
1632  9
12608  10
3032  9
1808  9
12280  9
2912  9
11640  9
11904  9
944  8
14376  9
1280  9
14808  8
2192  9
1816  9
9904  9
5632  9
13080  9
1176  8
3296  9
3568  8
1144  8
8032  8
7856  10
4304  9
5736  8
12496  9
5648  9
7168  9
4424  9
344  9
1320  9
1344  9
4008  8
8656  9
11816  8
13744  9
664  10
7888  8
10816  9
11000  8
2040  8
2360  8
11680  10
4632  9
7560  9
4864  8
968  9
4128  8
5288  9
9688  10
13352  9
3848  10
1800  9
2744  9
1656  8
11480  8
6472  9
11488  10
7632  8
208  9
13160  9
9168  8
10720  9
6736  8
11272  9
8696  7
6760  10
13280  9
10560  10
4752  9
5688  9
3520  10
5920  9
3000  9
7624  9
3128  8
6616  9
9752  9
10760  8
2648  8
536  8
4688  9
10208  10
3880  9
11584  9
3696  9
13960  9
8048  10
10400  9
3488  9
12664  9
6112  9
7032  10
7584  9
10520  8
2976  8
8512  10
152  8
368  9
12352  9
10792  9
12080  9
8760  8
3304  10
888  10
11664  8
5184  9
2368  7
4016  9
2200  9
4672  9
4608  10
120  9
10384  9
9432  8
12520  9
13520  8
12992  9
11160  9
2352  8
9008  9
14920  10
3328  9
6136  9
13072  8
13400  9
9768  9
13496  9
5248  8
1688  8
6592  8
14640  8
304  9
5344  9
5016  10
496  9
8712  8
2080  8
13752  9
10712  8
360  8
1792  9
9224  8
5872  8
11048  9
11536  9
14408  9
8328  9
8904  8
2928  9
6960  9
1608  9
5056  9
7376  9
10944  9
720  9
6088  8
11672  9
3912  9
5112  10
8896  9
2824  9
1136  10
6096  9
13288  8
1488  10
6344  9
6952  8
7352  8
6040  9
432  8
7536  8
5216  8
5064  9
4568  10
6336  8
280  8
2528  8
4328  8
5176  9
13528  9
6480  9
4480  8
7392  8
6704  10
12088  9
1992  9
6064  9
5952  8
9312  8
8488  9
2752  9
3624  8
11792  8
11384  9
5168  7
7792  8
3856  8
13216  9
13024  10
488  8
2288  9
6936  8
9024  10
12624  8
13888  9
12072  8
9080  9
12864  8
744  8
6552  8
14432  9
1496  9
12680  9
952  8
9632  9
4288  10
8072  9
11976  8
8112  9
288  9
3416  10
9856  8
10936  8
12336  8
6608  8
8480  8
8968  10
6944  9
10504  10
12096  9
6216  8
13912  8
9536  9
3400  9
5728  9
4528  9
9088  8
11560  9
14616  9
2696  7
3496  8
4944  9
8296  8
14608  9
3360  9
2672  10
4120  8
11368  8
8592  8
13696  9
7232  8
14936  9
14304  9
10640  8
13648  8
14360  9
13008  8
6144  9
14536  9
3168  8
5456  9
1216  10
6304  9
2688  9
14552  10
13176  9
9520  9
14792  9
9544  9
3976  8
9760  8
10360  8
7256  9
11968  8
11776  8
11768  8
2312  9
6696  8
10912  8
5984  9
5080  9
7024  8
3664  9
1400  8
6920  8
11712  10
8408  8
7864  9
13464  9
7760  9
6720  9
1232  10
5336  9
9848  9
10880  8
2008  8
6456  8
5544  9
13680  9
8248  8
9128  9
3904  9
1288  7
6872  10
7488  9
14944  7
7264  8
1024  8
10432  9
8616  9
11504  9
3552  8
11144  8
14208  9
6536  9
8728  9
6496  9
3576  8
4952  9
88  9
4208  8
3264  8
10568  9
14336  8
8392  9
14136  8
14752  10
1576  8
5784  9
7848  9
5656  9
2112  9
5816  9
9440  9
1448  10
11824  9
3408  9
2256  8
3832  8
7224  8
11040  7
1112  9
7480  8
12152  8
552  8
2800  9
13440  9
3536  9
9672  9
3712  8
14760  10
9120  10
14600  8
4192  8
4776  8
3760  9
8536  8
3040  8
7280  9
9704  9
7416  8
10576  10
504  8
14232  9
6928  9
1904  8
11208  10
3248  9
14096  9
9616  8
13304  8
14688  8
6792  8
14632  8
13272  9
6376  8
14880  8
13632  9
6640  9
10240  8
5840  9
13992  9
13560  8
10368  8
3072  10
8040  9
6824  7
3752  9
7248  9
10744  8
4976  9
4936  9
9032  9
7656  9
12928  9
10680  9
12480  8
12128  9
2032  9
11248  9
12272  9
13448  10
1616  8
4368  9
3440  9
1952  8
6104  9
8400  9
4184  9
4416  9
4520  10
5096  9
6544  8
10200  8
2120  8
6752  9
10992  10
14664  8
10120  10
14400  9
7992  8
11800  8
7696  9
128  8
14720  8
560  9
4888  9
13480  9
9192  8
10024  9
7288  8
11840  9
9736  9
8504  9
960  10
3184  8
6864  8
5048  8
14040  8
7008  9
11544  9
9248  9
4552  8
13456  9
11264  8
13416  9
1080  9
12896  8
1840  9
7600  8
5888  7
1880  8
5712  8
2304  9
8808  10
12464  9
14648  8
8336  9
8792  9
2616  9
9968  9
9512  8
13256  8
8312  8
4280  9
1752  10
512  7
2632  9
12584  8
7344  9
9680  8
1480  10
2584  9
2272  8
7152  9
14968  10
9368  10
14680  7
808  9
3024  10
5680  9
7240  9
6368  8
7016  8
12488  10
40  9
3472  9
9528  8
2704  8
1848  8
10016  10
13760  8
12368  9
6560  8
13592  9
96  9
12968  8
7048  10
9912  9
4968  9
2424  9
6016  8
2280  9
7648  9
10000  9
13872  9
14200  8
3008  9
3808  9
11704  9
5312  8
4160  9
10768  9
72  8
11896  9
14896  9
5776  9
4336  9
2856  9
11032  8
13624  9
4072  8
1120  9
14008  8
5192  9
2088  9
1984  8
10128  9
12808  10
1192  9
8304  9
9624  8
12528  10
5624  8
10328  9
10344  8
1928  9
12720  8
8624  9
12056  9
984  9
6192  10
9656  9
5000  8
10224  8
8  10
13792  9
3888  9
8832  8
11288  8
4240  9
7912  8
2968  9
3824  8
2224  9
600  9
12192  8
7768  8
4512  8
7528  9
14120  8
10168  8
4768  9
5720  9
13488  10
2760  9
1920  8
4408  9
5752  9
5800  9
13344  9
3104  9
3504  9
11136  9
1032  9
2480  9
4312  10
9056  8
11320  10
14192  8
14776  8
13112  9
4376  10
10688  9
616  9
8784  9
10832  8
608  8
1184  9
5552  8
6080  9
9448  9
9832  8
13856  9
6680  9
4464  10
2128  10
872  9
14216  8
13544  9
12136  9
176  9
12936  8
3648  8
14520  8
4320  9
5864  8
9960  9
8464  9
2320  9
11928  9
1856  9
2840  8
12840  8
376  10
11016  8
11072  8
928  9
8952  9
10736  8
2640  8
2296  8
4816  8
3312  9
13840  9
11888  9
5272  9
11328  9
13232  9
14888  8
9728  9
5528  9
6832  10
9360  10
6024  8
8064  8
7704  8
14280  9
7192  8
4296  9
10272  10
9808  9
4448  8
14496  9
232  9
6288  9
14544  8
7320  9
6912  9
11400  9
240  10
14440  8
7880  9
4456  8
10136  9
12208  9
13800  9
8184  8
1832  9
8416  9
6800  10
7960  8
9560  9
8928  8
10096  9
8776  8
11200  8
12304  10
12512  9
13016  8
14952  8
14848  9
1392  9
7576  9
4704  8
3984  9
1736  9
5416  8
5936  9
8264  7
9864  9
14928  8
2896  9
8360  9
7296  9
5304  9
4392  7
9144  9
1552  8
8936  9
14736  9
7904  9
12952  9
2144  8
11944  9
10312  10
14800  8
3680  8
5992  9
13360  8
5008  9
5600  9
13168  8
14568  8
3872  8
6328  9
5480  8
7368  10
11864  9
12560  9
1744  8
13320  9
5768  8
11880  8
9352  10
8608  8
13640  8
7832  8
7504  9
10864  9
11912  9
10896  7
14088  9
1224  9
13000  8
296  10
5264  9
9048  9
12944  8
5360  8
1784  8
10424  9
8224  9
4504  9
14464  9
14480  9
13656  8
1912  8
2496  9
10296  9
6504  8
9744  9
12776  9
14112  9
2536  8
248  8
1760  9
2408  7
1064  9
4720  8
9936  9
14328  10
1504  8
10304  8
14000  9
1944  8
14904  9
5496  8
6296  7
13672  9
704  8
14864  8
3928  9
9480  8
8456  9
9504  9
14768  7
9648  9
12032  8
3392  9
4096  9
3544  8
14744  9
9552  8
2336  9
1072  10
8816  9
1960  9
5464  9
10648  9
1208  9
2328  8
10376  8
4560  8
2920  9
3688  8
6632  9
3944  8
3936  10
9000  9
272  8
1584  8
8200  9
14960  8
9152  9
11520  9
12592  9
11528  8
976  8
7640  8
816  9
9608  9
11088  9
8752  8
2056  8
13880  8
12816  9
2680  9
5568  8
8432  8
2344  8
584  9
3176  9
10216  9
12984  9
3656  8
2560  9
6256  9
11648  9
14504  8
6856  8
328  9
1360  8
3344  9
10592  7
3232  8
14272  9
800  9
9136  9
2520  8
4880  8
7664  8
5280  9
13848  8
648  9
11728  8
13688  9
7968  10
5232  9
5616  10
7056  9
10976  9
3768  9
6624  8
5904  9
1648  8
13816  9
11720  9
6992  8
6000  10
3432  8
3608  8
5296  9
6416  8
14384  9
14856  9
5560  9
9232  10
8240  7
10008  10
8024  9
4872  8
4616  10
6432  9
8192  8
5424  9
2064  9
10512  9
6848  8
6744  9
8888  8
10624  9
12240  8
8560  9
13128  9
7408  8
1544  9
7568  8
10664  9
11784  10
12456  8
13968  8
752  9
4352  9
14128  9
1328  9
464  9
14248  8
10264  10
14624  9
1336  8
10920  10
1128  9
6440  8
10480  8
10280  9
1416  9
12448  8
192  8
12648  8
5144  9
7432  8
3192  9
9328  8
1304  8
3240  9
992  8
7128  9
8272  9
9928  8
2608  8
9256  9
10552  10
696  8
13144  8
6688  9
2712  9
14656  8
11392  8
4664  10
13328  9
11936  10
10784  8
8912  8
3896  8
9464  10
9664  9
1104  9
784  9
6032  8
848  8
13776  8
10112  8
14672  8
11024  9
9952  9
5504  10
1592  9
4592  9
11064  9
1296  10
13264  9
7336  9
4656  8
8848  9
12784  9
10496  8
14296  8
13920  8
8576  9
13896  8
6904  9
12752  9
2464  8
5576  9
9584  8
9640  8
9568  8
11656  9
4920  8
688  9
6152  9
12656  9
2600  10
7872  9
14312  8
592  9
8984  9
5160  9
7176  8
14976  8
7552  9
10080  8
11512  9
11696  9
2808  7
3600  10
1968  9
14160  9
2792  9
2768  8
12912  10
12328  9
3616  8
6176  8
1424  8
13208  8
7592  9
4440  9
11600  8
2488  9
13120  10
13088  9
9984  10
672  9
6240  9
2248  9
1680  8
11128  9
14912  9
4344  8
14104  9
7824  9
10088  10
2544  9
3792  9
6712  9
9064  9
400  9
11112  8
224  9
9040  8
1200  9
4736  8
11352  9
14320  9
11568  9
14048  8
9176  9
13200  9
10752  9
6464  8
12552  9
8920  8
3064  9
9376  8
1472  8
3280  9
6128  8
13152  9
11336  8
12704  8
1624  7
2992  9
12312  10
3096  9
5472  9
14824  10
9160  8
312  10
1888  8
10608  9
8824  8
936  9
5536  9
12016  9
12424  8
14576  9
11736  10
456  8
12736  9
11760  9
64  8
13472  9
7360  9
12568  8
6408  8
12576  9
1728  9
640  9
2136  9
6896  9
9096  10
7984  8
2720  9
11984  8
9304  9
8152  9
4856  8
5608  8
8160  9
9896  8
11920  9
3080  9
2880  8
9576  9
12544  9
4712  9
13040  9
8600  9
2168  9
12888  9
12216  8
13736  8
1720  9
1248  10
656  9
14264  10
6976  9
4848  9
10440  8
9472  9
5448  9
480  9
7520  9
4432  9
1528  9
8280  9
8440  8
2160  8
7672  9
8008  9
8376  9
10248  8
10968  9
12904  8
13392  8
1352  9
12800  9
8088  9
14472  8
12160  9
2000  10
7200  8
13720  8
6160  10
5200  10
13936  8
6880  8
9776  9
14728  8
8864  9
7944  8
5512  9
1408  9
4144  10
1600  9
11232  9
13384  9
8704  9
7728  9
9696  8
4896  9
1824  8
7784  8
12144  9
5152  10
7064  9
1768  9
8496  8
13568  9
4400  8
14560  8
4248  10
5960  9
4832  9
12432  10
11472  9
3992  8
5432  10
12040  8
11424  8
896  8
12408  9
4136  8
8232  8
10616  8
11448  8
13048  9
11744  9
7328  8
824  9
760  8
11416  8
5120  8
13224  9
56  8
12632  9
920  9
9016  9
8632  8
6272  9
5352  9
11808  8
2416  8
6656  9
3088  8
9072  8
11992  9
9888  8
9944  8
12112  9
12504  9
4048  9
4152  8
2936  10
4584  8
3960  8
4232  9
14064  9
4112  8
6968  9
768  8
6048  10
13368  8
6584  9
7384  8
1776  8
5760  10
9392  9
13408  9
14696  9
3592  8
10456  9
8176  9
440  10
12472  9
11104  8
11240  9
856  9
2376  8
5856  8
9320  10
80  8
8880  8
2384  10
1048  8
3728  9
4784  8
9712  10
352  9
3968  9
1056  9
4088  9
10160  8
7072  9
7936  9
1936  9
9880  8
10904  8
8168  8
3584  9
7424  9
14344  9
864  9
13600  8
10352  8
13768  9
11376  9
2888  9
4808  7
7000  8
12848  8
12400  9
13432  9
4176  9
4272  8
5976  9
424  8
2984  9
3256  10
200  10
6424  9
1440  8
7040  10
5368  9
10256  10
10848  8
11496  9
14784  9
3224  8
9496  9
3800  8
1640  8
3152  8
12856  9
1456  8
2728  9
14840  8
7752  8
10336  9
11456  9
14424  8
8000  9
12376  8
1240  8
2552  8
5392  9
8680  9
9288  9
3720  8
11408  8
13904  8
3840  9
11616  7
13064  8
12824  9
6728  10
6808  9
3200  9
5664  8
11296  9
3120  9
4496  8
8256  9
1512  9
8096  9
14992  9
9408  8
14016  8
12184  9
4536  8
14072  9
1464  9
14080  8
9184  8
8352  9
7808  9
1256  8
10472  8
3632  9
1384  9
14704  8
12320  9
13824  8
4800  8
2024  10
10408  9
48  9
6232  9
5408  9
1088  8
5128  9
10072  8
7208  9
10464  8
11152  9
12688  9
448  8
1312  9
392  9
11312  9
7144  10
11848  9
11576  9
776  9
5488  8
10152  10
12872  8
12360  9
6520  8
10840  9
4680  8
320  8
13032  10
6360  7
408  9
12176  9
8544  8
4960  8
12104  10
5256  8
1976  9
24  9
520  9
14392  8
13376  8
13728  9
12920  10
6392  10
4928  8
10320  10
2848  8
5704  9
576  9
11832  9
14816  9
712  9
5240  9
3480  9
4064  9
11360  10
7496  8
7464  8
2960  8
10584  8
14168  9
3704  9
5032  8
4104  8
3672  9
4544  8
4168  8
9488  9
6008  8
8736  8
10232  9
3208  8
11120  9
1096  8
14456  9
14984  9
9816  9
3320  8
11008  8
4256  8
11592  9
2872  8
9792  9
136  8
5640  9
12048  10
8208  9
13784  8
15000  9
10960  9
8720  9
2392  9
5088  8
4384  9
9264  9
13928  9
13104  8
11344  8
216  8
11952  8
14152  7
13248  9
9456  9
4760  10
13976  9
11632  8
3816  9
12536  9
8992  8
9272  9
8320  9
9720  10
12760  8
10048  9
6224  9
12000  9
4824  8
6576  9
14368  9
1664  7
6184  8
12832  9
736  9
2448  8
144  9
3136  9
6208  9
10808  8
3056  8
7120  8
9992  8
7840  8
12976  9
3560  8
1264  8
6264  8
12440  9
7744  8
1696  9
5208  8
7080  9
10184  9
3744  9
3512  9
4792  8
1368  9
13608  8
7160  9
8584  9
4744  8
13184  8
7112  8
13336  8
8128  9
13864  8
12168  9
4080  9
6352  9
3016  8
6664  10
10600  9
14832  8
1896  9
2952  9
14592  10
3048  8
10192  9
11216  10
7616  8
8640  9
2736  8
4840  8
2016  9
12232  10
9600  9
12064  9
13192  8
1704  9
256  8
11192  8
5400  8
7104  9
9240  8
14224  9
8448  9
6600  9
7680  9
7304  9
10104  7
8688  8
13296  9
8120  9
8288  9
6072  8
6672  8
13552  9
12768  8
11056  8
2472  8
10800  9
2184  9
1864  9
11096  9
4040  8
11624  9
1672  8
6120  8
8672  8
7896  9
11688  8
8552  9
12248  8
840  10
6200  10
6512  9
3368  8
11224  9
16  9
13704  9
2176  9
10824  9
12600  8
14352  9
8960  9
7272  9
8528  10
8424  8
9296  8
10728  9
10776  9
8944  9
13616  9
1152  8
6320  9
4600  10
10392  9
7096  9
12296  9
4728  9
6888  8
13952  9
2152  8
7472  8
12744  10
2456  9
13136  9
4264  10
5072  8
5376  8
9104  10
4360  9
14712  9
12880  9
9824  8
7544  9
5944  9
3352  9
9112  10
4696  7
6448  10
6488  9
1560  10
10528  9
10672  9
3784  9
7512  9
8056  8
4056  9
6312  9
6248  9
5912  8
8368  8
10856  8
11608  9
14584  9
4576  8
11304  9
904  10
5584  9
3528  8
1008  8
13312  9
6384  9
7720  8
624  10
3216  9
11432  8
4648  7
728  8
9976  8
12200  9
4000  9
8648  9
112  8
12696  8
6984  9
184  8
1872  8
632  10
3640  8
2512  9
5968  9
10064  9
4488  9
544  8
5744  8
5672  9
6528  8
12792  9
7448  8
11464  9
5224  8
11960  8
11856  8
832  9
13808  8
13504  9
5520  8
7400  9
1272  10
8144  9
14176  8
2656  9
168  10
4984  9
14184  9
1016  8
5808  8
14872  8
1520  9
5880  9
9280  8
10144  8
8976  9
2784  8
8664  9
10288  9
8568  9
13944  8
12616  9
6816  9
14056  9
3424  9
3144  8
9400  9
336  9
3952  8
10448  10
472  8
4216  8
5320  9
12728  10
5328  10
7712  8
14256  9
3736  9
2568  8
4032  9
10696  8
12008  9
10888  8
14488  9
8840  9
2240  9
7312  8
3376  9
2592  9
10416  9
11168  9
4912  8
5040  8
2832  9
8384  8
5592  8
32  9
8104  8
9872  8
2864  9
8800  9
3864  9
3384  8
2944  9
14240  9
11080  8
7216  9
3288  9
11256  10
10928  8
14032  8
4200  9
12264  8
12640  9
5792  8
10872  10
10632  8
9840  10
1432  8
13584  8
8856  9
8136  8
2776  9
6776  9
6280  9
11280  10
104  9
11176  8
10488  10
13712  9
5824  9
11872  8
14288  9
5440  9
10040  8
11184  8
3776  8
7088  8
1568  8
2624  8
10704  9
5896  9
8016  8
2816  7
10656  8
3160  9
12256  10
3448  8
1376  8
568  9
2440  10
14448  9
7816  9
12416  9
14416  8
8080  9
13984  9
2232  9
2208  9
4640  8
4624  9
9344  9
9920  9
10544  9
1712  9
2104  8
13512  8
264  7
12024  8
13664  10
3112  8
2096  8
1000  9
9592  9
2400  9
5024  8
2072  9
5696  8
9424  10
13576  9
8744  10
8768  9
3920  8
8344  9
792  9
2432  9
6784  9
8216  8
10536  10
13536  9
3464  8
416  9
9784  9
13424  9
6056  9
1160  8
680  9
8472  8
12288  8
7920  9
2216  10
7440  9
9800  8
10032  8
10056  9
7800  10
5104  8
13240  9
4472  9
2576  9
11752  8
2048  8
1536  8
4024  9
7776  8
7952  8
14024  9
12960  9
2264  9
2504  9
12712  8
7976  10
12672  9
880  9
10952  9
13056  9
5848  9
6768  9
12392  9
12384  9
384  10
7736  9
