6761  9
13497  9
12665  9
14713  9
7041  9
12169  8
11561  8
11625  8
8401  8
7785  8
10937  9
14609  10
4401  8
5593  9
10193  9
7889  9
13025  9
8577  9
9361  8
3809  8
4233  9
1  9
13273  10
7081  9
8121  7
14793  9
10649  8
5081  8
9913  8
9025  8
10065  8
11153  8
7665  8
1393  9
13745  9
6097  9
6593  9
11129  9
7297  9
10489  9
12465  9
11281  8
13089  9
10753  8
6737  8
8953  7
801  9
5713  9
3449  9
6121  9
13785  10
4089  8
7409  9
12881  9
4657  9
8089  9
8505  8
7945  9
11369  9
11857  9
12857  9
7425  9
7321  10
8929  8
12433  8
4225  9
12113  8
9177  8
4425  9
4481  8
1377  7
12673  9
3161  9
11769  9
10417  9
14353  9
13425  9
1297  8
14969  9
11569  9
11873  8
2721  8
3513  8
12769  9
14393  10
2657  9
12793  9
4577  8
12217  9
9081  8
7833  9
5601  8
7553  8
5385  8
10601  9
1017  9
5889  9
9305  10
6457  9
7313  9
14105  10
12617  8
14753  8
7329  8
12273  10
1289  9
3169  9
1225  10
5273  9
9921  9
1641  10
6833  8
8049  8
11257  9
8945  8
8905  9
9961  8
11361  9
13377  8
13697  10
3457  9
1977  9
4817  8
5329  8
10473  8
9553  9
961  9
8425  9
14537  8
9089  9
12745  8
13129  9
5721  8
9289  8
6881  9
2961  8
6865  9
14001  9
8217  9
13201  8
417  8
8353  9
12577  8
14217  9
13801  10
14833  9
8537  9
3737  9
8409  9
13681  8
3497  8
14505  9
8041  8
11945  9
8969  9
2017  8
5129  9
6337  9
8433  8
10993  10
11641  9
9457  9
13489  8
2281  9
1369  8
10297  9
601  8
393  8
2361  9
5161  9
8473  9
11961  9
12473  8
14241  8
7521  8
4625  9
14441  9
7801  8
6233  8
11337  8
6321  9
5553  9
6905  8
4369  8
177  7
2985  9
7273  8
6969  8
14417  8
4913  9
2641  8
12097  9
1481  9
4025  9
4641  8
8169  9
14577  9
6889  8
3569  9
5497  8
4585  8
6945  9
4153  10
4449  9
11889  9
305  8
5065  8
1417  9
5073  9
8857  9
10209  9
7537  10
9777  8
6409  9
7849  8
9561  9
4289  8
5017  9
14257  7
857  8
3529  9
4305  9
7281  9
2513  9
5249  10
14313  8
6241  10
2297  9
12313  9
9529  8
3337  8
7841  8
13057  9
3073  8
9569  9
2801  9
3713  8
12705  10
2321  9
4905  9
2497  8
13825  10
209  9
129  10
5401  9
4697  10
13217  9
12241  8
1545  9
11409  8
14497  8
11921  9
4729  8
11225  10
6369  9
4705  9
13257  9
3137  8
9641  8
2121  8
10889  8
5753  9
8209  9
13985  9
5217  9
9481  8
10465  9
977  9
9977  9
4097  10
8497  9
13817  8
1769  8
14113  9
217  10
10137  9
10185  10
1865  9
5961  10
14201  9
10257  8
9121  8
10985  9
1809  9
2425  9
10793  10
8289  9
12185  8
4161  10
8841  10
2697  8
7393  10
7009  9
1265  9
8609  9
10057  9
8321  9
5657  8
11241  9
6425  9
1681  8
897  8
12505  9
10353  9
3793  9
6249  9
12321  10
4513  9
3857  10
9673  9
2561  8
2113  8
13513  8
2809  9
10609  9
633  8
12049  10
4049  9
3105  9
14561  8
14777  9
3785  9
2689  9
7481  9
2137  9
11753  9
10481  8
12305  9
13241  10
5025  7
12809  8
3345  9
8161  10
4217  8
441  9
3873  8
401  9
3321  8
2185  8
9161  10
8681  9
10145  8
5033  9
10833  9
14529  8
2673  8
8889  8
11481  9
2481  8
8825  9
2889  8
1569  8
1209  7
5857  8
3921  9
13913  8
6401  8
2537  9
14017  8
8185  9
3257  9
817  8
14545  9
5153  9
8657  8
6057  8
10433  10
11177  8
2161  9
6617  9
13561  9
14585  9
6929  10
1473  9
13105  8
6689  8
913  10
497  8
13705  8
13905  8
14065  8
5809  9
9193  8
1785  9
11577  9
13769  9
14929  9
969  9
12017  9
11833  9
13225  9
14521  8
145  8
3481  8
8713  9
9041  7
9905  9
6177  8
4521  8
9185  9
14209  8
4569  8
6145  9
14657  8
25  8
2449  8
5233  9
1153  9
10017  8
10153  9
14433  8
833  8
6713  9
11745  9
7673  9
5993  9
8689  9
14641  9
993  9
8417  10
3121  10
6545  8
1713  10
8393  9
4105  9
13017  8
14729  8
9153  9
11713  9
4777  9
11665  8
13361  8
11993  9
13433  7
6897  8
8977  9
10713  8
4721  9
9241  10
12521  8
9681  9
11025  9
13969  9
3841  9
4649  9
1457  8
1953  9
5665  9
9889  8
2417  9
10801  10
5241  8
12897  9
10529  9
13249  8
13777  8
14169  9
10697  9
281  8
753  9
13417  9
2329  9
4257  8
8233  9
9113  9
6977  9
1521  9
9633  10
12249  8
1841  10
1201  9
9825  9
8849  9
1753  8
9201  9
5897  8
5881  8
14961  9
12953  10
4977  8
11905  8
2073  8
13961  9
3209  10
5905  10
6825  9
369  9
11321  10
4145  8
8769  9
13657  8
6505  9
4457  9
14865  8
10913  9
3753  9
14889  10
2785  8
4801  8
17  8
3577  8
14697  9
11097  9
6793  8
10673  8
12401  9
14129  9
11537  9
3353  7
13281  10
8873  9
5697  10
6649  8
1889  9
7865  9
6953  9
8913  8
13881  8
7369  8
8257  8
3985  9
12025  8
10681  8
7697  9
4969  8
14385  10
11617  8
5569  9
11065  9
5353  8
3385  8
1425  10
8017  8
11465  9
13233  9
8569  9
9409  9
14025  8
6265  9
13065  10
8249  8
2857  10
4033  8
4809  9
8377  8
12721  8
1801  9
345  10
11193  9
1873  8
11705  9
14689  10
9345  9
12873  8
14513  10
6537  8
5225  9
10073  9
1833  8
4889  9
14473  9
1025  9
3593  9
10201  10
3505  9
4633  9
11817  8
6185  8
2009  8
8641  8
7001  9
3705  10
3665  8
849  9
12657  8
3145  9
8777  8
4857  8
6993  9
13601  9
5689  9
5425  8
11849  8
1353  9
11497  9
6193  8
4081  8
13481  9
10577  9
8153  8
9009  9
10721  8
11697  9
14897  8
4241  8
1585  9
2025  9
3249  8
5321  9
5785  9
3585  8
7769  8
8993  8
14249  8
3441  10
7993  10
9473  8
3889  8
6305  9
6817  9
4993  8
13665  9
6481  8
193  9
12633  9
7057  9
9745  10
10025  8
513  8
937  8
5737  9
2633  9
5921  10
9385  9
2433  8
2441  9
3305  9
2881  8
9537  8
13721  8
3185  8
449  10
10705  9
6049  8
7073  9
8241  9
9249  8
7601  9
11529  8
3057  8
11161  8
2041  8
4921  9
13321  8
14185  8
5113  9
1729  9
9033  8
2257  9
3521  8
3553  8
7097  10
6017  9
11401  9
3401  8
6601  9
10945  8
8113  8
1081  9
10129  8
8585  9
13553  8
7417  8
2265  8
1233  9
4881  9
4961  8
5313  10
13753  9
5209  9
12353  9
2001  10
11825  8
1737  9
13833  9
1089  9
1121  9
13145  8
6769  8
8729  8
9497  9
13889  9
14977  8
13401  9
12417  9
13297  8
2057  9
10961  10
14377  8
2777  9
4385  9
12209  9
13345  8
273  9
2609  10
4945  9
6809  8
9513  8
13537  8
12137  8
2241  10
4953  9
6105  9
9881  8
921  9
12513  9
10305  8
3329  8
3881  9
11433  8
9609  8
3801  9
4057  8
2505  8
9577  10
13033  7
11489  9
14401  8
2945  10
5873  9
9449  9
361  10
8649  9
13449  8
14569  9
6985  8
14097  9
13289  10
9785  9
881  9
609  9
4193  9
9337  9
297  9
11521  9
13001  9
14921  8
641  8
529  9
14281  10
1625  9
11425  8
5841  8
7177  8
1449  9
14329  9
10337  8
2145  9
3625  7
9225  8
12921  9
14041  9
3673  9
10385  9
9817  9
11417  9
13729  9
1441  8
2209  10
4673  9
10561  8
14673  8
5681  8
5609  7
14121  8
8489  9
10441  8
12281  9
2377  9
5673  8
681  9
697  9
945  8
6465  9
7793  9
13393  9
9425  9
12201  10
2385  9
11737  9
2793  9
12865  10
3657  10
6393  9
8097  10
11441  9
7385  8
14849  9
3369  8
14409  9
13617  9
13609  9
11801  8
3945  9
8001  9
11969  8
1969  8
10393  9
2593  9
4865  9
137  8
8937  8
12081  9
12817  9
953  8
4137  9
7241  9
3297  9
7217  8
8297  9
11089  10
9769  9
2825  8
13153  8
5793  9
13649  8
3473  9
12377  9
11929  10
9145  7
8313  9
7465  8
10225  9
12369  10
10745  10
5729  8
3697  8
3241  9
3425  8
12337  9
12105  9
5705  8
13857  8
8337  10
12641  9
10457  9
4441  9
4713  9
9297  9
6849  9
13081  8
3081  10
1489  9
4689  8
10633  9
10641  9
9713  9
9969  8
4929  8
8521  10
13897  9
7513  9
4273  10
12193  9
14057  10
1649  9
14225  9
14321  9
153  9
3833  10
2097  8
289  8
12969  8
9313  9
2489  8
3377  9
3961  9
12833  8
4433  9
10409  8
9697  8
7529  9
2065  8
5105  9
2977  10
7401  9
8073  9
41  9
409  10
8761  8
4545  8
6473  8
8481  9
14137  8
6089  10
6841  8
8033  9
9489  9
2521  8
2201  8
9169  9
10105  9
4793  10
10977  9
6529  9
14233  8
4737  9
8081  9
425  9
13521  9
9137  8
12785  10
5041  8
8865  8
12569  10
4505  8
4529  7
4761  8
5473  9
10329  8
6705  9
6801  8
3681  8
9649  9
3361  9
2233  9
11249  9
7065  8
4769  8
8145  9
1041  8
8785  9
13921  9
11633  8
13585  8
11105  9
4177  9
13865  9
10161  9
13337  9
14081  8
14617  9
12937  8
14825  8
3265  9
12297  8
14721  8
3233  10
1105  9
233  9
1249  9
2289  9
1985  8
6153  9
537  9
2465  9
2681  9
9985  9
1761  8
7433  8
10769  9
12449  10
9945  9
7209  9
5817  7
14801  10
4337  9
8265  8
10001  9
5929  8
9849  9
12985  9
14289  8
1721  9
8809  8
5537  8
8881  8
4065  8
4281  7
9049  8
5969  9
5145  8
7025  9
14457  8
2305  9
5001  9
9217  9
12561  10
321  9
577  8
5641  9
12585  9
6065  10
2081  7
12713  9
12489  8
489  9
13193  9
7489  9
11217  9
11185  9
7921  7
14881  9
10233  8
11169  8
10785  8
8633  9
4937  9
929  9
2929  8
8985  9
8177  8
1689  8
1961  9
7977  8
7809  9
11593  9
14345  9
1505  8
5481  8
14193  9
3537  10
1049  8
3177  9
11553  8
12625  8
1945  9
2897  8
10049  8
1825  9
9265  8
4897  9
9  8
6921  8
2865  9
7113  10
6577  8
10873  8
4745  8
13409  8
9601  8
7545  8
4465  9
13577  9
3969  8
8345  8
5393  8
8673  8
12993  9
11953  8
4201  8
13841  9
2649  9
13937  9
12265  9
3641  10
3049  9
3761  9
4537  9
8529  9
11009  8
6561  8
11033  8
13441  8
6585  9
5825  8
3825  9
2193  8
4553  9
10585  8
10033  9
12009  9
9545  10
6345  10
3017  8
3201  9
7633  9
7905  9
9593  9
7377  9
11681  8
7017  8
1337  9
2529  9
14681  8
12257  9
13161  9
5009  8
6521  8
9257  10
1673  9
9897  9
3417  9
12001  8
1849  9
12537  8
10545  8
11137  9
4985  8
9281  8
1065  9
9665  9
6417  10
6329  8
905  9
6281  9
4825  8
13977  8
6777  9
11505  8
6497  9
13177  9
8225  8
13569  8
2713  9
12729  8
33  9
3025  8
11145  9
10089  9
14905  9
1537  9
8625  7
13369  8
1321  9
4129  9
121  9
1177  9
1697  10
5049  10
10217  7
3217  8
14945  8
2393  10
5265  8
569  9
1185  9
6745  10
9505  9
1009  8
10113  8
689  8
8721  8
12945  10
14033  9
5985  9
6041  9
11113  9
2409  8
1257  10
2737  8
7049  9
3617  9
8465  10
5441  9
3281  8
9329  8
8361  8
12801  9
8369  9
9937  9
3033  9
3993  8
7193  9
11233  9
13593  9
249  8
9273  9
257  8
1777  8
10593  8
8897  8
7641  9
1561  9
12961  8
7913  8
9521  9
10689  9
10897  9
14785  9
769  8
9105  9
2033  8
1905  9
7961  8
8385  9
13953  9
3113  8
729  9
12609  9
6913  8
8273  9
1793  9
12601  8
12697  9
14625  9
8009  9
10425  8
10281  8
5089  9
6385  9
13049  9
8281  9
12753  9
7161  8
1609  8
9073  9
4489  8
5801  8
721  9
2665  9
10817  9
6033  10
7681  8
11609  9
3009  9
4593  8
12689  9
985  8
9857  9
7745  9
11721  9
11937  9
5585  9
12145  8
3129  9
14361  9
8793  8
6441  9
8753  8
2937  9
4345  8
13633  7
10729  8
809  9
10969  8
6785  8
841  9
3273  8
12441  9
12073  9
5185  10
14633  9
5937  9
10361  10
1937  8
1145  8
5617  8
6009  9
14665  9
8513  9
7257  9
1033  9
4249  9
161  9
1817  9
11353  8
9809  9
9657  10
11449  9
12929  10
9465  8
313  8
11049  9
3097  8
9833  8
10121  8
10625  8
8137  8
11649  8
2473  9
2169  9
7937  9
1129  8
337  10
10761  9
7713  9
10377  8
12041  8
1529  8
3977  8
2585  9
10313  8
11809  8
14337  8
1345  8
585  9
12825  9
13353  8
5849  9
7185  9
9369  8
3609  8
6297  9
13993  9
5449  8
9729  9
3897  9
7305  9
5761  8
10513  9
14873  9
5505  9
2761  8
1057  8
457  9
3929  9
11329  10
1857  9
2577  8
14297  8
5409  8
14769  9
14593  9
2705  8
353  8
6081  9
65  9
865  8
3225  9
2129  8
4361  8
2873  9
7737  9
6209  9
12129  9
8305  8
14177  9
9129  8
7337  10
11121  9
10657  9
10921  9
12409  9
14161  9
1281  8
3817  9
4665  9
1705  8
2217  9
8201  10
8329  9
4313  10
673  10
10953  9
5529  9
1897  9
4185  9
4609  9
5633  9
5281  10
7953  8
169  8
1497  9
14737  8
7825  9
9617  8
7249  10
3745  9
12737  10
545  8
12161  8
14273  8
1577  8
9689  9
6225  10
10841  9
825  7
1617  8
4009  10
6201  8
11729  8
14937  9
14649  8
5369  9
12057  9
3649  10
12905  8
9705  9
13761  9
4017  9
5913  9
7857  9
2153  9
2105  8
3913  8
6633  8
7585  9
10273  8
2553  8
5361  8
7969  10
1465  9
7457  10
12233  8
5953  9
6697  8
13329  8
6313  8
4681  8
10081  9
13009  9
14489  9
97  9
6753  9
1513  10
3689  9
6137  8
9401  8
3193  9
11785  8
13169  8
14449  9
12497  8
10401  8
3633  9
777  9
7761  9
12777  9
1137  9
3393  7
6569  9
8833  9
5513  8
13465  7
10289  9
1921  9
2313  8
5417  8
6641  10
9873  10
12329  8
8801  10
14073  9
12761  8
3433  9
10537  10
3465  8
5865  8
10665  9
6609  8
9993  9
1329  8
1073  8
201  8
6857  9
4297  9
5457  8
11585  8
3409  9
2049  9
4601  9
5625  8
6673  9
7985  8
13737  9
12289  8
4169  9
1601  10
6129  9
1097  9
11545  9
13097  8
12681  9
8561  8
8665  9
14953  9
14465  10
6273  8
7873  8
14553  8
6113  8
6937  9
1409  9
13945  9
3937  9
12593  8
3721  8
5577  9
7609  9
12033  9
9233  9
4849  8
2337  9
7729  9
2617  9
9057  9
11017  8
12177  8
1553  10
6657  10
5337  8
8545  9
8065  9
1217  8
81  9
1241  10
10825  10
7753  9
649  9
8193  8
8737  8
7817  9
2089  8
10881  8
3289  9
10177  8
505  9
11689  9
4209  9
13929  9
11273  9
11897  10
13265  9
5169  9
3001  8
7345  9
13473  10
4377  8
10849  9
12849  9
553  9
9929  9
1433  8
12977  9
10241  8
4353  8
3953  8
11081  8
7497  9
329  9
5465  8
13209  8
11377  8
73  8
665  8
11305  9
14089  8
13625  8
13073  8
10449  8
11209  9
7361  9
11345  9
8057  9
11777  9
8593  8
14369  8
7441  8
5289  9
14305  9
12425  8
2953  8
7089  9
7137  9
14817  9
5177  8
265  8
2545  9
4041  9
5945  8
2753  9
2905  8
11865  8
12385  8
13809  8
10369  8
10553  8
7929  9
6729  8
7145  9
10777  10
13457  9
3777  9
4121  9
89  8
2729  9
241  9
6681  8
12225  9
481  9
12361  9
11601  8
7169  9
14705  9
14153  9
11001  9
7617  9
8129  9
4393  8
737  9
10097  9
12089  10
10569  8
7689  8
13385  8
6257  9
8553  9
2993  8
13849  9
4617  10
13529  9
561  9
7449  8
705  9
6001  8
11057  9
5257  9
9721  8
9585  7
2401  9
1745  9
7705  10
8921  8
785  9
6873  8
13041  9
5977  10
4409  9
4561  9
7657  10
8817  9
11457  8
14601  9
2569  8
9377  8
5057  8
11657  8
6625  9
11289  9
8025  9
8449  9
12529  8
3865  9
3089  8
7881  9
9737  9
7505  10
8105  8
385  8
1913  9
4497  9
8697  9
2345  8
12153  9
10521  8
10865  9
10009  8
12649  9
3561  8
4753  9
4113  8
6433  8
14913  9
6161  9
2457  9
1385  8
7561  9
4841  7
5201  8
9209  9
11297  9
1657  9
12913  9
5769  8
13137  8
11073  10
9017  8
3601  8
5433  8
3769  9
4785  9
14425  8
3065  9
2745  8
14841  8
7121  9
10905  8
2273  9
10249  8
433  8
7353  9
12345  9
14265  8
13305  8
1305  10
11913  7
5745  9
9625  8
9441  8
8617  8
473  8
5521  8
4001  9
8441  10
185  9
13185  8
12841  8
11761  8
11673  9
11841  10
13689  9
5121  9
2913  8
2921  9
6361  8
6961  8
1881  8
5345  9
5137  8
10505  8
8745  8
2969  8
10737  8
11985  8
11881  7
12553  8
5545  8
3729  8
9793  9
113  10
2225  9
3905  9
4329  8
2601  9
9761  8
5649  9
12457  9
7153  9
7569  10
13313  9
7897  9
5833  8
3849  9
6073  9
5377  8
9865  8
10809  8
793  9
7473  8
761  9
10857  9
57  9
13793  9
12121  8
11473  9
5097  9
4321  9
3313  10
9841  8
13673  9
1193  10
49  8
12481  9
2249  8
9417  7
10929  8
2625  9
11793  9
7289  8
7225  8
4417  9
11201  9
5193  10
13113  9
4873  8
14481  8
10169  9
1161  8
3489  9
8705  8
7265  9
9433  9
13873  9
2849  8
14857  9
889  8
6449  9
7201  8
1273  9
1113  10
2177  8
745  9
1401  10
7233  9
4473  8
593  8
4073  8
2833  9
4265  9
6025  8
105  8
1665  9
9753  9
625  10
4833  9
8961  9
14009  10
11977  9
7721  9
5297  8
14809  8
6721  9
1169  9
6289  8
2817  9
10345  9
14993  9
657  10
713  8
12889  10
7577  8
7649  8
9321  8
9353  9
13505  8
9065  8
7129  9
617  9
9393  8
11313  9
10617  8
3041  8
1361  9
6489  8
2769  8
6513  8
8457  9
3545  10
1313  9
2369  9
14985  9
5561  8
6169  8
9001  9
9953  8
1993  8
225  9
10497  8
6377  8
14745  9
7625  9
7593  8
5489  8
3153  8
465  9
10041  9
11513  8
14761  9
7105  9
1633  8
6665  8
873  8
1929  9
1593  8
7033  9
2841  8
12065  8
13545  8
1001  8
6353  9
7777  10
13641  8
11265  8
12393  9
10321  8
5305  9
10265  10
11393  9
6553  9
521  8
8601  9
12545  8
14145  9
9097  8
13121  9
5777  9
11041  8
9801  10
377  10
6217  9
13713  9
11385  10
14049  9
2353  9
