14779  8
8339  9
3155  8
10259  9
667  8
12363  8
11955  8
8315  9
3339  9
7707  10
291  9
10491  10
12307  9
12643  9
931  9
755  9
8715  9
1419  9
10123  10
13275  9
8755  9
6827  8
4667  8
4411  8
13939  10
355  9
9867  8
3139  9
131  8
11267  9
7627  9
347  9
14315  10
6987  8
10507  9
14595  9
5243  9
3611  9
13899  8
11819  9
12563  9
4043  9
4763  8
7435  9
12723  8
11043  9
2387  9
7603  8
7771  9
1075  8
1363  9
12467  9
9859  9
603  9
10795  10
6051  9
2235  8
3835  9
9027  9
4251  9
5123  7
7931  8
11171  8
2787  7
8291  9
83  9
10587  9
10651  8
14611  8
12851  10
11259  8
7035  9
7315  9
6851  8
9795  9
13971  10
14043  8
13851  8
6755  10
6435  9
10923  9
12523  8
8531  9
3963  8
379  10
2251  9
12179  9
12579  10
12019  9
11499  9
13523  8
13787  10
987  8
8443  9
259  8
8603  8
4163  8
13315  8
10059  9
6555  8
14987  9
14299  8
2187  10
6531  8
1035  9
675  9
4555  8
2867  9
11451  8
12003  10
8571  8
10563  9
491  9
13107  8
2555  8
2875  10
13731  9
2683  8
8891  8
9387  8
9475  8
3499  9
1947  8
8147  9
1155  9
11203  9
8139  9
13499  9
9091  9
12915  9
10307  8
1187  8
14691  9
1555  9
1883  8
5819  9
9651  8
12227  9
2819  9
13987  8
8179  9
14195  9
483  9
13619  8
7083  8
14931  9
11915  8
9435  8
4915  8
7691  9
8539  9
4779  9
1755  9
9819  9
14179  8
9211  8
2059  9
8499  8
11739  8
1243  8
3067  8
123  10
2515  9
3323  7
7715  8
12707  8
7043  9
7787  8
9451  7
14347  10
2507  9
4435  9
6387  8
1987  9
9035  9
11475  9
8731  9
12147  8
219  9
9987  7
8787  9
5227  9
7307  8
5339  8
3051  10
12843  9
10723  10
3971  8
10619  8
2891  8
5987  9
9507  9
9739  8
10571  8
9723  9
6995  10
2451  8
587  8
6451  10
14587  9
2571  9
9643  8
10667  8
12251  9
13299  9
3811  8
1795  9
11331  8
5435  8
14283  8
5443  9
163  8
10475  9
3083  7
12387  8
5283  9
11731  9
10243  8
1123  8
8195  9
11011  9
9427  7
12283  9
13555  9
9707  9
7843  9
5331  9
635  10
13187  8
14139  9
171  10
5755  9
11851  8
2739  9
11395  9
10947  8
12419  8
3435  9
7195  9
13035  10
5499  9
8467  9
5147  8
1483  7
1651  8
1603  9
11323  10
9731  8
11515  8
14579  7
8011  8
5851  10
299  8
8475  9
5379  8
539  9
10595  10
139  9
8371  9
12683  8
1139  9
11131  9
10755  9
10299  9
1003  8
8003  9
10787  9
10731  8
10043  8
14059  9
4403  8
6907  9
9155  9
3539  9
6667  8
10963  9
11755  9
5171  9
7099  9
7507  7
2123  9
13675  8
13147  8
11179  9
8843  8
14251  8
12867  8
12219  9
1227  8
10291  8
11827  10
1011  9
7019  8
9331  10
5043  8
11859  9
1163  10
10779  9
4115  10
13491  10
435  9
8691  9
5611  9
10267  9
699  9
11699  8
2043  9
6243  9
8083  8
1459  9
9595  9
1443  9
9243  8
12051  9
3571  9
5251  9
2923  9
3579  9
7227  9
891  9
1691  9
2539  8
8035  8
6739  8
8947  9
13155  8
6483  9
5691  8
10003  8
9363  9
9931  8
7539  9
7723  9
6419  8
4499  10
12715  8
8507  9
8923  9
9123  9
3931  9
13043  9
6939  10
8883  9
1771  8
5571  8
10971  8
6923  9
13539  8
8675  8
11635  9
11315  9
10075  8
6227  9
4971  9
13907  9
1915  9
6371  8
2907  9
8955  9
1899  9
14795  8
9491  9
13083  8
7483  8
9811  9
6811  9
11059  9
6947  9
627  8
5635  9
8251  9
8107  8
7139  8
12747  9
3283  9
1643  9
1715  8
8763  8
475  9
6819  9
13755  9
1259  9
3675  9
6691  8
2259  9
5763  8
5211  8
7395  8
939  9
10939  10
10179  10
2883  8
8019  9
9619  9
5179  9
6363  9
12475  9
13323  8
9011  9
13651  9
12731  10
10531  9
10987  9
9139  8
2475  8
8635  9
6323  9
7675  9
14651  9
4219  9
12691  8
8771  9
8523  8
11403  8
3955  8
6675  8
12819  9
4459  9
2203  9
3035  8
10451  9
3707  8
4443  9
12275  9
6011  9
9979  8
14835  8
11667  9
7683  8
2795  9
13699  8
2971  9
10019  8
1803  9
7155  9
3779  8
7563  9
5427  8
7051  8
1827  9
5603  9
4259  10
3531  9
13883  8
11219  8
13259  10
1147  8
8363  9
5899  9
13739  8
3371  9
3315  9
5003  8
14947  9
5371  8
3547  9
7443  9
14859  9
4755  9
12083  8
14339  9
2051  8
10659  8
2027  9
9835  9
2691  10
11019  9
659  9
2331  10
3651  9
4643  9
11867  9
2427  8
5707  9
11939  9
11211  10
12099  9
4363  9
331  8
5731  9
13891  9
3683  9
4595  9
14659  8
283  10
1971  9
7123  8
2035  8
1467  10
13019  9
2195  9
11547  9
851  8
2163  9
3171  8
14763  10
3659  8
1475  8
10395  9
5507  9
10435  9
14123  8
9403  9
10827  8
787  9
6035  9
9699  8
547  8
363  9
14235  10
13547  8
3259  9
10091  10
419  9
13819  9
11539  8
5139  9
1579  9
7907  8
11563  8
1219  8
4947  8
6251  8
5467  9
14899  9
12875  8
1563  9
3347  9
14331  8
8851  8
8307  10
14155  9
12923  8
771  10
9611  10
3891  9
9563  9
6131  8
3043  9
2627  8
12515  9
11619  9
12259  8
14083  8
7779  10
7811  9
8459  9
3555  9
10083  8
12371  9
9339  9
3411  9
11163  8
2827  9
507  10
4451  9
571  9
4619  9
13515  8
3243  9
12883  9
2763  8
8451  9
9267  8
9531  9
3923  8
4235  9
4571  8
6475  8
10539  8
907  9
1379  9
4091  9
8739  8
10803  9
12027  9
12987  8
707  8
7459  9
4523  9
1171  10
4819  9
9995  10
3019  10
5659  9
10155  8
12435  9
2411  10
4547  7
7291  9
2835  8
9747  9
8747  9
8403  9
10387  9
3011  8
13379  9
13563  8
13683  8
5187  9
13667  9
14219  9
1203  9
14851  8
643  9
11347  8
13051  9
2731  9
9659  8
9227  9
11027  9
11811  9
12531  8
2859  9
11235  8
14443  9
6963  10
763  9
3819  9
6107  8
10027  8
6139  9
4851  9
5235  8
8243  9
91  9
10875  9
4139  8
12131  9
5827  8
2707  9
8859  9
9163  10
11371  9
7979  8
1867  9
3563  8
3099  8
6979  9
883  8
6235  8
5491  8
1291  10
9099  9
11227  10
14867  9
523  9
11835  8
3187  8
4419  8
7187  9
13867  9
8907  9
7995  8
13859  8
14555  8
6715  9
13339  9
1811  9
899  9
1091  8
1267  8
1387  9
11923  8
1619  8
5779  9
10859  8
4427  9
2179  9
8123  9
13795  9
11715  8
5459  8
14627  8
2115  9
14811  8
7803  9
6331  7
3275  8
7179  9
4931  10
723  9
3859  9
8427  8
9275  8
1547  9
11643  8
7203  10
14243  8
7515  9
11307  8
5643  9
13387  8
7875  9
7531  9
12339  9
235  9
11355  8
4171  8
9971  9
14275  9
11883  8
11627  9
13443  8
2979  9
5587  8
12763  9
14387  8
14307  9
2531  9
6579  9
8091  9
9195  8
3715  8
3291  8
4587  10
10107  9
9075  9
10979  8
13579  10
11155  8
2131  8
6459  8
6187  9
8235  9
9347  9
8219  9
14803  8
14683  8
1875  8
3907  10
11419  9
5035  10
2083  8
5995  9
10603  8
4059  8
3523  9
5291  8
4339  9
4491  8
9003  9
4611  9
12931  9
14363  8
3899  9
8075  9
9571  10
11979  9
13395  9
1507  10
13979  8
2651  9
7235  9
12459  10
14547  9
2611  7
5099  9
12115  10
4123  10
10427  8
4387  9
12779  9
5115  9
6571  9
11771  9
10627  9
12187  10
3163  8
14163  8
10907  8
11283  10
13435  10
4635  9
6883  8
11675  9
5835  10
5859  9
12235  8
6067  9
9411  9
1051  9
5195  8
4507  9
12123  9
1411  9
10115  9
1539  9
2939  8
4187  10
14507  9
227  8
13291  9
12971  8
6683  9
9923  10
7267  9
7027  8
14771  8
10739  9
6779  9
2347  10
5667  9
12171  9
8027  9
3427  10
11427  9
4563  8
13403  8
9515  9
14843  9
5155  8
459  7
11275  10
11435  9
1787  9
6291  9
7059  8
5419  8
1299  9
1627  9
10403  8
10515  9
4027  9
14227  8
1323  8
3507  8
6059  10
10139  9
13627  8
3739  9
7523  8
14035  8
7587  9
12771  8
971  8
13875  8
11747  9
8563  10
5971  8
1491  9
1395  9
13715  8
7379  10
14739  9
11115  9
14291  9
2283  9
5915  8
12211  9
14955  9
8347  9
14051  9
1251  8
3667  9
6619  9
5875  9
14995  8
7955  9
12739  9
11723  8
12963  9
4859  9
10131  8
1571  8
12075  10
9523  8
5011  8
9627  9
4051  8
11803  9
11931  9
179  9
4987  9
2483  9
2619  8
7403  8
7243  8
7651  9
3459  9
1955  8
4155  9
7987  9
11707  9
8659  8
11531  9
13955  10
3235  8
8867  9
12043  8
2635  9
10771  8
12979  8
8627  9
12091  9
9715  9
14707  8
3995  9
13219  8
13723  9
4747  10
12299  8
7835  9
4203  9
6931  9
7571  9
12059  9
10995  9
6003  9
9219  8
3419  9
14267  9
9443  10
4867  8
6411  8
3107  9
4019  9
13003  9
7971  10
11123  8
6603  9
3355  10
7011  9
14515  9
3787  9
4299  8
12499  9
7259  8
8643  9
13571  8
315  9
451  9
8915  8
5067  8
11187  9
12803  8
147  8
13691  9
3875  9
14635  9
10323  10
14427  10
1907  9
11  8
6547  10
7963  9
11291  9
5891  8
9755  10
9603  9
6955  9
195  10
5539  10
7451  9
7299  8
12939  8
9187  9
443  9
8723  8
6763  9
4355  9
14667  9
4939  8
13923  8
715  8
403  9
8515  8
2323  9
3467  9
6803  9
9499  9
9947  9
12811  9
13827  8
5363  10
14971  9
2747  10
1851  8
6307  9
9771  8
2963  9
12267  8
5563  9
1731  8
1099  9
3195  8
11251  9
3747  8
2987  9
387  9
8115  9
13195  8
1635  10
2587  8
835  10
10851  9
275  10
3123  9
9483  9
4211  8
5307  9
827  9
6211  9
251  9
3251  8
13483  9
2011  9
6587  8
651  9
10699  9
11051  8
467  10
12107  10
12483  8
6163  9
1107  8
13835  9
12659  8
3451  9
4371  9
14883  8
1843  8
12331  9
5595  9
14603  10
5795  9
6859  8
1699  9
4899  9
6867  8
14643  9
9107  8
12891  10
2147  9
4739  9
2459  9
499  9
1531  9
6595  8
14019  9
8707  9
3491  9
12995  9
8171  8
267  8
8331  8
8979  9
6747  9
4099  8
3379  9
5083  9
11067  8
8795  10
14715  10
683  9
4179  8
8595  9
10203  9
5403  9
10443  8
1891  9
2091  8
11555  9
13099  9
11651  8
13947  8
7899  9
4315  9
12635  9
10643  9
7107  9
2067  9
3211  8
4075  9
14451  9
1235  8
7251  9
10499  8
13995  9
1979  9
1659  9
6283  9
3131  8
12603  8
3515  9
13419  8
3  9
7115  8
14075  8
7475  8
13411  9
11971  9
2019  8
7827  9
2107  9
5299  9
5347  9
11779  7
1347  9
2291  9
7491  8
14411  8
923  8
2363  9
51  10
2467  8
14963  8
3867  9
5107  9
7763  9
843  9
14979  10
5907  8
7419  8
1435  9
5075  8
555  9
3595  7
10099  9
7003  9
9579  9
7891  9
6179  9
10835  8
13363  9
4475  9
4275  10
27  8
2435  8
11891  9
3755  10
5579  8
6275  8
8579  8
11339  8
10763  9
6843  9
14491  9
8203  9
5947  8
5027  9
4675  8
7275  9
12699  9
2579  8
14539  9
4483  8
3331  9
14355  9
5019  9
6891  9
8587  8
9019  8
8931  9
4803  10
13803  9
14091  8
14619  9
9851  9
8491  9
14483  8
1923  8
7163  9
11947  9
11411  9
12859  9
1723  9
6083  8
4107  9
8131  10
11587  9
1027  8
211  9
3475  10
9547  10
13211  9
4683  9
13747  9
14147  9
2851  9
8963  7
10347  8
10883  8
10283  9
1307  8
4659  8
6027  8
59  9
9291  9
2299  8
4731  9
4539  9
13451  9
411  9
1315  8
2315  10
3979  8
4067  9
7067  9
13251  8
1611  9
9899  8
11299  8
8987  9
6075  9
12667  9
11035  9
10187  8
10635  10
3619  9
7819  9
8819  8
2523  9
963  9
7283  9
2899  8
3147  8
2499  8
7323  9
6315  8
10683  9
13331  8
4531  9
5715  8
6259  9
2811  9
5923  9
8395  9
11075  9
13171  9
779  8
11763  8
11683  9
13123  9
6099  10
371  9
3803  8
13531  9
9115  8
11491  9
8803  8
5259  8
6707  9
2667  9
5955  8
6147  8
8835  8
8683  9
14115  10
12379  9
3635  10
7595  8
8211  9
6899  8
11459  8
14259  9
14371  8
4995  9
13115  8
3731  8
9067  9
5939  8
4267  8
1371  9
9691  9
10579  8
14675  9
35  9
5843  9
12155  8
12403  9
2171  9
9355  8
14907  8
7371  8
339  9
5523  9
5747  9
6539  9
10819  9
4131  10
6699  10
6499  8
13163  9
7755  9
8651  9
8259  9
1747  8
12203  8
4603  9
1587  8
9787  8
2947  9
7339  9
5355  8
11483  9
3115  8
10675  10
11467  9
1019  8
13075  8
5963  9
10915  9
2379  9
8619  8
11379  9
1499  8
6723  9
1819  9
7331  8
12539  8
2243  9
2139  7
9907  8
3883  8
10867  8
13467  8
12675  9
13131  8
4147  9
691  8
2779  9
12163  9
13771  8
10171  9
14923  9
8939  9
75  9
7747  9
10035  8
13243  8
3179  9
7867  9
8227  9
10211  9
7643  8
14211  9
6971  9
9683  8
1331  9
5555  8
6267  9
8811  8
14131  9
3027  8
13595  8
6355  7
13059  9
12907  8
6515  8
5683  8
14731  9
9667  8
11659  9
747  9
9371  9
14875  10
3947  9
10275  8
14187  8
9299  8
1595  9
9179  9
12627  9
3627  8
13283  9
803  8
9251  10
3003  9
3483  8
6491  8
9587  9
4467  9
12323  9
14523  8
4715  9
9891  8
2771  10
10555  9
6771  9
7667  8
979  9
12139  8
12795  8
3691  9
5451  8
14915  10
1859  9
3395  9
9043  8
7915  9
2227  9
7619  8
9555  9
13635  9
14403  9
11507  10
13235  8
795  8
6627  9
307  9
2643  10
12547  8
1355  8
13587  9
1523  8
7467  9
6155  9
12507  10
1995  8
4843  9
14419  8
4283  8
2715  9
6523  8
7947  8
1739  8
12571  8
2371  8
11795  8
3795  8
2931  8
10195  9
13027  9
5787  8
2219  9
2659  9
5619  9
9675  9
14467  9
10467  9
5931  9
9315  8
5275  8
4787  10
5531  10
515  9
7923  9
731  10
6875  9
5163  8
5979  9
10251  8
12451  8
8419  9
11243  8
2843  9
6395  10
5867  9
6651  8
10931  9
4691  9
8547  9
12491  9
7347  8
14827  9
14563  9
14475  8
2339  8
14003  8
3771  9
10051  9
10707  8
427  10
5387  9
6563  9
9307  9
10843  7
8899  9
13203  8
1059  9
11107  8
10891  9
8275  9
1195  9
10147  9
5699  9
1427  9
14011  10
2403  8
13347  9
13139  9
915  9
2675  9
187  8
4243  10
4083  8
10955  9
4291  10
11195  9
12827  9
13915  9
14203  9
6787  9
14891  9
243  8
2155  10
9379  9
8555  9
11875  7
4627  9
8611  9
9235  8
10899  8
7659  7
12835  8
7547  8
2915  9
4347  9
6835  9
8323  9
5131  8
595  8
579  9
8827  8
8299  9
13371  9
2563  9
12955  9
7579  8
13659  8
819  10
4723  9
3603  9
3443  9
13475  9
10483  8
11907  9
3827  10
5483  9
9083  9
13267  8
9883  9
8163  9
9843  9
11787  8
5091  9
12947  8
13179  9
1515  8
8043  8
10227  9
3587  9
13779  8
5811  9
13011  10
3267  10
8483  9
7411  9
4891  8
7387  10
14379  9
8667  9
8875  8
9763  9
2491  9
4579  8
11091  8
7355  9
99  9
2699  9
12755  8
12787  9
14027  7
12619  9
14939  9
1931  8
3387  9
2755  8
5675  9
12395  10
1707  9
4395  9
8699  8
2723  10
5515  7
4011  8
2275  9
11963  8
3643  9
867  9
8411  8
875  9
12243  10
3219  9
7739  8
1939  8
7075  9
2307  9
531  8
1683  8
13931  8
563  10
2803  8
4771  8
3363  9
14459  10
9171  9
3403  9
2995  9
5883  9
4699  9
7219  9
6659  10
43  9
14107  9
7795  8
7091  9
4379  8
2099  9
11443  8
3091  10
1131  10
4827  9
995  7
1115  10
9915  7
12011  8
5723  8
1043  10
4323  8
9939  8
10163  9
4875  9
5627  10
4979  9
7851  7
1835  9
6379  9
10315  9
19  9
6915  9
13507  8
14787  10
5395  8
13707  8
1211  8
13811  9
1339  9
6635  9
8155  9
3843  9
8099  9
12443  10
6219  9
12427  8
10379  8
14499  9
6203  8
14755  9
12411  10
4811  10
203  9
7499  9
859  10
9875  8
11579  8
5323  8
11147  8
6043  10
2443  8
8059  9
9051  9
8387  9
2595  8
2419  9
3723  9
11987  10
7427  10
12651  9
13843  9
1779  10
7699  8
7211  8
7611  10
6795  10
5475  9
9467  9
3939  10
13307  8
14819  8
2955  8
6507  9
9827  9
6123  8
6347  9
10523  8
14571  9
8995  9
4515  9
3915  9
4331  8
5267  9
5739  8
4907  9
9779  9
4795  8
9203  9
5411  10
6427  8
11139  8
14323  9
1763  9
6019  9
2267  9
8779  10
14099  10
5651  9
6299  8
11003  8
7635  8
10067  8
7131  8
3987  8
115  8
10747  9
5219  10
12355  8
8355  8
2547  8
7363  8
6643  8
10235  8
4227  10
11611  8
8067  10
5051  9
12035  9
4923  9
9283  9
9131  9
9059  8
12595  8
14067  9
8435  8
13227  8
13603  8
6467  9
14723  9
13611  9
7859  9
955  8
2355  9
9323  9
9259  8
7555  9
9955  9
4707  9
1067  8
1179  10
2075  10
9803  9
4035  10
11899  9
3075  10
3851  9
8971  10
6403  9
10355  9
11603  8
1451  7
10363  8
11523  8
4307  8
4963  8
12291  8
5547  8
611  8
6443  9
5771  9
1403  8
7939  8
10419  9
12587  8
8187  8
2211  9
1083  9
1963  9
3059  10
5803  8
13355  8
4883  8
12555  8
11595  9
4003  8
1283  9
1667  9
10011  9
11099  9
6115  8
11571  8
395  9
13091  9
14435  8
11995  9
3307  8
14395  8
1675  9
9963  9
947  9
2603  8
10219  9
10715  9
12611  8
4195  9
9147  8
9539  8
13067  9
6339  8
67  8
14171  9
811  9
9419  8
11387  9
10339  9
12899  8
13763  8
13963  9
13459  9
4835  9
619  9
9635  9
10459  9
3763  9
11083  8
323  8
5059  8
11363  9
6611  9
107  9
6731  9
12067  9
10691  10
12195  9
13427  9
3227  9
5315  9
1275  8
6091  9
4955  8
6195  8
9459  8
8283  7
14699  8
4651  8
10411  9
10371  8
12315  9
7731  9
3699  8
2395  9
7883  9
14747  9
3299  8
7171  10
11691  8
10547  9
9395  8
2003  8
14531  9
739  9
8267  8
11843  10
8379  9
12347  8
6171  9
10331  9
10811  10
3203  8
8051  8
10611  10
13643  8
5203  9
7147  8
155  8
