7942  8
10598  9
9166  9
3702  9
4038  9
4374  9
13278  9
10926  9
1894  9
4926  9
10126  9
14326  10
2958  9
5814  10
4310  9
8390  9
6270  8
9726  9
12462  8
13310  8
2334  9
9846  9
7918  8
5638  8
10502  9
13838  9
8078  9
12990  9
1830  8
7886  9
4582  9
10854  9
1390  9
1630  8
1550  9
6006  10
1182  9
558  8
1150  10
8278  9
12878  9
9606  8
1046  9
1310  9
2718  8
10198  8
8238  9
9334  8
3118  9
1158  8
7134  9
12478  8
14806  9
1670  8
12398  8
14230  8
5718  9
4742  9
12654  10
9142  9
2174  8
9814  9
11582  9
4126  8
2974  8
3270  9
6190  9
3974  10
12246  9
10462  10
14886  9
3918  9
2790  9
1678  8
14670  8
4534  9
326  9
2246  8
11486  9
14342  8
14718  8
7334  8
11686  9
13750  8
13942  9
10902  9
6710  9
2198  9
5222  9
2366  10
13110  8
14702  9
3910  10
9742  9
14894  8
2070  9
13318  8
7446  8
6814  9
734  8
2398  9
11246  9
9278  8
7550  8
12518  10
7558  8
150  8
3462  9
12958  8
5158  9
9246  8
10110  9
6726  9
10678  9
8958  9
2886  9
10670  9
12598  9
13654  10
9102  9
13182  8
406  9
11030  9
4406  8
13398  9
12046  9
10190  9
9822  9
6766  8
6414  8
4878  8
11438  8
6566  9
4198  9
14206  9
4398  8
6478  9
4646  9
12062  9
11406  9
9974  10
166  8
11886  9
12766  9
14998  9
1710  10
3902  9
7590  8
5558  8
1014  9
8758  9
12774  7
8030  9
10606  8
1750  9
12270  9
9838  9
7742  8
9886  9
2206  8
10030  9
10950  8
3870  8
10862  9
11022  9
5534  10
3374  8
9878  8
13358  9
2518  8
702  9
7438  8
3590  9
3678  8
6078  8
10894  9
4950  9
862  9
14174  9
4598  8
3398  8
5350  10
7246  9
10294  10
1726  8
9598  9
7494  8
9654  9
966  8
694  9
4910  9
5062  8
13302  9
14654  9
1126  9
3470  9
10838  9
3846  8
10350  9
446  9
7670  9
2646  10
11598  8
14110  8
8310  9
10582  8
4830  9
14678  9
10798  9
12670  8
13158  9
7014  8
7374  8
6886  10
7806  7
13950  9
6246  9
2054  9
9230  9
14838  9
6094  9
12094  9
4590  9
14526  8
12798  9
13574  9
3790  9
7534  8
2030  9
13958  8
7238  8
7254  10
8558  9
8982  9
7142  8
2750  9
9222  10
14750  10
3086  9
4414  9
11934  8
6470  9
3230  9
12782  9
4494  9
9270  8
8990  9
2550  9
1222  9
14630  10
14022  7
4542  9
9406  8
9902  8
14518  9
1070  9
1294  10
4974  9
5086  8
6302  9
5910  8
11054  8
118  8
3022  8
8734  8
846  9
6158  8
11678  8
12086  9
12054  8
10686  9
12630  8
1622  8
9702  8
4630  10
3542  9
6598  8
14310  9
1870  7
958  9
10334  9
7638  8
11326  9
10054  10
7662  8
12158  10
14942  10
2926  9
14070  8
6254  8
11750  8
7078  9
13510  9
5614  9
2710  10
3742  9
9382  8
11158  8
11622  8
182  9
6646  8
10278  8
2326  9
13494  9
11262  8
7750  9
1326  9
13846  8
6974  8
5494  9
9254  9
10782  8
11982  10
8318  10
10846  9
2438  9
11398  9
7470  7
4998  8
5870  8
670  10
5750  9
12182  9
12550  9
5270  9
13598  9
8910  8
12430  10
8054  9
12350  8
622  8
5462  8
13662  8
13438  8
12358  9
4166  9
5118  8
14622  8
5974  9
10438  9
6438  9
11854  9
238  9
6990  9
11134  9
1214  9
4342  8
6590  10
13478  8
2918  9
7614  8
614  8
3062  9
11878  9
12510  8
6462  8
2142  9
13022  9
8750  9
4838  9
62  9
6038  9
9678  8
13678  8
12622  8
2606  8
3438  9
12854  10
14374  9
6  8
10166  9
1718  8
86  10
11806  9
12846  8
3414  8
1462  9
5758  9
12758  9
398  8
10430  9
8446  9
1054  9
5070  9
10542  9
8350  9
12382  10
13558  9
9318  8
5278  7
638  8
5502  8
14542  8
3646  9
262  10
6542  9
1206  8
3046  9
6166  8
358  8
2446  9
8254  9
2558  9
9094  8
5446  8
6494  10
7902  8
11150  9
10326  9
9718  8
2662  9
10878  9
13006  8
486  9
11230  8
3758  9
10446  9
11718  9
5302  9
9694  8
4518  8
5982  9
7830  8
3982  9
3366  9
1230  9
13934  9
12374  8
11214  8
10206  8
11062  8
9134  10
4054  8
4718  8
5134  9
12998  8
14742  7
5046  9
1350  9
2806  10
8566  10
8998  9
13854  8
13638  10
4006  9
8022  10
2062  8
5990  10
11638  9
11646  9
9670  8
13446  8
2486  8
8150  10
11782  10
1246  10
13406  8
7798  9
2814  8
5406  9
366  8
13422  8
4222  9
4694  8
9126  8
350  9
5286  8
5094  8
8902  8
11918  9
14686  9
3302  8
14486  9
9014  10
6758  9
1654  8
5894  9
1782  9
13142  8
1862  8
1062  9
14710  9
11526  9
11710  9
1486  10
14558  9
3350  8
8158  9
5998  9
7766  9
1006  9
8374  9
8662  9
12646  8
814  8
7926  9
6142  9
1406  8
3886  10
2798  8
13646  9
9030  9
7894  10
1966  8
7174  10
13742  9
854  9
3606  9
5182  8
14062  9
14382  8
4734  10
10646  9
12678  9
7118  8
11390  8
3422  8
6790  9
14534  10
11110  9
7190  10
430  9
6550  10
902  8
9734  9
1030  10
1918  8
12254  9
7462  9
8230  8
13030  8
10382  8
2462  8
5662  9
3214  9
8366  9
2286  9
7582  9
11342  10
12470  8
4678  9
2294  9
2622  9
14974  9
4790  9
5398  8
7358  9
3318  8
9470  9
3190  8
11358  8
14822  8
2774  9
2374  9
11574  9
14870  8
2582  8
5726  10
13086  9
4150  8
7854  8
12742  8
13790  8
910  9
11182  9
11510  8
9190  10
798  8
7574  9
10550  9
12150  9
5742  10
11366  8
9622  8
2654  8
8622  8
10870  9
13566  10
13774  9
13270  9
4510  10
10966  9
726  9
1766  9
8102  8
4358  8
2150  9
4230  9
4550  9
8342  8
12494  9
8710  8
8182  8
6366  8
6526  10
606  10
1686  9
8510  9
6742  9
8038  9
678  9
6318  9
10142  8
6502  9
7046  9
10062  9
4094  9
190  7
4806  9
11734  9
11902  9
4862  10
14934  10
11830  8
6878  9
6678  9
6206  8
1534  10
7734  9
9518  9
6294  8
4782  9
11534  9
9390  8
12814  10
9054  10
3310  8
13894  10
4622  7
4182  8
4502  9
9910  8
294  9
10734  8
6150  9
4102  8
9982  9
2350  8
6558  9
70  8
7486  9
2166  9
14918  8
8926  8
14574  9
2478  9
1998  8
5054  8
11238  8
4854  8
13454  8
1342  9
3406  9
10086  9
14582  8
10254  8
10710  7
13686  9
2318  10
14638  9
14142  10
14734  9
7982  8
12910  9
3694  10
1286  8
14902  9
8414  9
6262  9
12318  9
2966  8
4702  9
3934  9
10006  9
550  9
12486  9
10150  9
11142  9
13246  8
7398  9
10094  8
3798  9
12006  8
1166  9
12862  10
4558  8
6998  9
14030  8
13734  8
4022  9
6574  8
518  9
5126  9
5886  9
990  9
1358  9
8894  9
4846  9
5310  9
7782  9
5934  8
38  9
3206  8
2430  8
2454  8
3262  9
1702  9
6734  10
12310  9
8582  8
12790  8
7006  8
11910  8
1822  8
1926  9
3142  10
3854  10
13782  9
2158  8
886  9
5622  8
12718  10
1614  7
7702  8
1422  9
4190  9
2846  8
6070  9
14590  9
5542  8
6510  10
5822  9
2534  8
254  10
6110  9
7814  9
2894  8
6782  8
13630  9
6446  9
10118  9
822  9
12934  9
4046  9
2870  9
6126  8
13710  8
7862  8
11758  8
9310  9
11038  9
14598  8
10534  9
12526  9
7278  8
6390  9
13926  9
9366  9
5102  8
3958  9
2342  9
13254  9
14662  9
12886  9
3006  9
5862  8
3334  9
14038  8
9590  9
13814  8
3038  8
10590  8
2702  8
7686  8
14646  9
13414  9
11494  9
8134  8
8222  9
206  8
9486  9
3478  9
2830  9
8118  9
12190  9
13166  8
14910  8
806  10
5798  8
8294  9
7838  9
6222  9
14982  10
6374  9
9342  8
7262  9
13118  9
134  9
8862  8
8214  9
2102  8
6486  8
10038  9
838  8
11318  9
510  8
8950  8
5806  8
7950  8
14118  10
278  7
14086  10
2270  8
14254  8
3342  9
7966  9
12710  9
12574  10
2590  9
13190  9
718  9
10910  8
10270  9
7414  9
13902  8
4294  8
1094  9
5334  8
2014  9
14246  8
11086  8
6278  8
1974  10
14094  8
4350  8
14446  7
10230  8
10486  8
3430  8
7654  9
3526  9
13606  9
9710  8
3182  8
1118  8
7126  9
10694  9
8718  9
5374  9
8398  8
1134  9
10070  8
11006  9
8382  8
9990  8
12502  8
5006  9
5014  9
13462  9
230  8
13326  9
8886  8
9286  8
5574  9
14198  9
8142  9
13870  9
7598  8
8774  9
11766  9
1334  9
13174  10
4214  8
10638  9
6934  9
11966  8
9870  8
422  8
9446  9
8878  9
4254  8
13206  9
4662  10
2190  7
10822  9
7182  8
2726  9
7110  9
11478  8
3166  8
10518  8
374  8
11862  10
8806  8
12038  8
7630  8
1302  8
6358  9
5782  9
2118  9
8646  10
3238  9
2230  9
7430  8
13726  9
14334  8
9918  8
9806  9
9214  10
6750  9
2134  8
11126  9
13366  9
1110  9
454  9
10662  9
6134  9
13150  8
6622  8
2422  8
4014  8
14  8
4238  8
8462  9
2078  9
1494  8
302  10
8438  8
9414  8
10790  9
9926  9
1430  8
318  9
13286  9
11190  10
1414  8
7718  9
4278  9
11702  9
5438  9
9582  8
5422  9
94  8
3518  8
12390  8
14398  8
14222  10
3710  9
6118  9
8422  8
3566  9
4574  9
3998  8
14302  9
7294  8
11614  9
9958  8
9198  8
646  8
758  9
7150  8
2838  9
11822  9
7054  10
7958  8
3670  9
5206  9
8262  9
8814  10
8110  8
13670  9
9830  8
878  9
9790  9
7454  9
10374  8
13542  9
7758  8
10302  8
2110  8
1942  8
14278  9
11926  9
918  9
12302  8
13822  8
1190  10
8286  10
30  8
1262  9
9782  10
9686  9
13046  9
7678  9
3158  8
9462  9
12750  9
10390  8
4798  9
12614  10
13382  10
2822  10
3294  10
9478  9
5646  8
7934  10
4334  7
2910  8
10990  8
10630  9
470  8
5966  9
8070  9
11974  8
4814  7
14606  9
1854  9
10414  9
5358  9
1398  8
7822  9
1142  9
8934  8
13758  8
1774  9
6310  9
7038  8
8654  9
174  9
7542  9
2494  9
11726  9
5150  10
12974  9
12214  9
13910  8
12942  8
11694  9
3966  9
7846  9
1518  8
7726  8
9110  9
13350  9
9150  8
8782  8
12126  10
11414  8
13526  8
1566  9
1454  8
14126  9
11078  9
2694  9
14182  8
8766  9
3534  9
12438  8
14830  10
334  9
14102  9
2678  10
1470  9
5926  9
9398  8
11166  8
9502  9
14294  9
12446  9
46  9
10078  8
11518  9
11774  8
13974  9
12166  9
4142  9
5958  8
12198  9
8838  8
10974  8
5710  8
4382  8
4422  8
1102  9
13342  8
662  9
1502  9
11606  9
7382  9
8046  9
13334  10
8406  9
1982  9
3030  9
158  9
750  9
5030  9
14966  9
9542  9
6326  9
14854  9
1086  9
686  8
2262  9
6406  9
5038  9
8334  9
5942  10
13550  8
14470  8
9358  9
14390  9
10806  9
10046  9
3254  9
11014  8
3222  9
10494  9
9046  9
10814  10
6638  9
11670  9
13262  7
14782  9
1366  9
4174  8
102  9
4454  8
9430  9
13622  7
5878  9
3686  8
4086  9
9422  8
10238  9
542  9
7270  8
5654  9
534  8
3614  8
574  8
4118  9
4870  9
5630  9
14862  8
3014  8
8614  9
10918  10
7198  9
4638  8
3942  9
11070  9
11550  8
10886  10
14926  9
7478  9
12542  8
13990  8
1606  9
3174  8
1318  8
6718  9
14262  8
3662  9
8526  9
3726  9
6518  9
6174  9
2310  9
11630  10
4614  8
6846  9
13766  9
8518  8
1438  8
6910  8
12726  8
11542  9
14694  9
5390  9
3766  9
2734  9
10758  8
13230  9
10342  9
14438  9
11118  9
10358  8
11310  9
9438  8
13982  10
14990  10
742  10
13806  8
6398  9
4670  8
7694  9
14950  8
2902  9
6654  8
8014  8
11454  9
9966  9
14270  8
5598  9
5918  9
11462  8
12902  9
9118  9
6894  8
10558  9
9238  9
11334  9
4430  9
4246  9
1934  9
9534  9
9022  8
630  9
1270  10
12334  9
12950  8
12014  9
14566  9
12590  9
5174  10
8534  9
10622  8
950  8
7502  8
894  9
1590  9
7974  9
110  8
3750  9
12454  9
14158  10
4606  9
10022  8
3070  8
3078  9
13470  9
8590  8
1078  9
1638  10
9454  9
13430  8
2182  9
2742  8
6534  8
2302  9
2878  7
566  8
7526  8
6798  10
13062  8
2542  9
3838  9
11174  9
3278  10
4270  9
8686  9
14478  10
12838  9
13238  9
8830  9
4446  9
13102  8
12030  8
1814  8
6382  9
13070  9
13518  8
3894  9
8726  8
12694  10
10510  8
3094  8
2630  10
11382  10
8166  8
526  10
502  8
7318  9
5214  8
14054  9
1478  9
1662  8
7622  8
8670  8
2526  8
9750  8
11430  8
10566  9
12734  9
12366  10
5230  10
14430  9
2614  9
270  10
998  9
8502  9
10774  8
6694  9
11566  9
11742  9
11270  9
3950  9
8630  10
342  9
7910  8
13702  8
10222  8
14214  8
9558  9
2358  8
3622  9
12558  9
1542  9
8006  8
8694  7
11998  9
14846  8
3198  8
142  9
1990  9
2942  9
13374  9
710  9
14014  10
5262  8
7606  9
11286  8
8094  9
7222  8
5686  9
7214  9
6854  10
1278  8
5430  9
12870  9
13966  10
5318  8
12102  8
11254  8
2406  10
13862  10
11894  8
2046  9
1038  7
3926  9
5078  8
9494  8
14462  9
7326  8
5830  8
9774  9
12966  9
12566  8
14366  9
5606  9
10718  9
11846  9
11942  9
7030  9
10574  10
4966  8
11838  8
9854  10
14406  9
7870  10
13014  8
14006  9
3862  8
6014  8
870  9
4958  8
8854  8
7166  10
2990  9
10134  9
3582  9
2766  8
5846  9
12702  9
12070  8
12806  8
14798  9
10998  8
5382  9
7390  9
13054  10
5854  8
7342  8
3654  8
478  9
8174  9
12110  8
7102  8
8486  8
8326  9
1734  9
5022  8
5198  10
11558  8
2510  9
4302  8
4078  8
390  9
934  9
2214  8
4438  8
4526  9
3382  8
8574  8
8798  8
13198  9
11790  8
3822  10
9326  9
2854  9
3718  10
10934  10
3054  8
13126  9
6422  8
4206  8
6342  9
5190  8
13798  8
14238  8
3502  9
2254  8
5950  9
7998  9
22  9
14350  10
13998  9
6950  7
12422  9
1838  9
6430  8
8550  9
13486  10
3638  8
10726  9
9646  8
3358  9
5838  9
5678  8
3494  9
9038  8
1910  9
590  9
13886  8
10958  9
6022  10
7366  9
14958  8
5702  9
11102  8
12238  9
2022  9
11374  8
12326  9
6902  9
14078  9
14614  9
6046  9
5774  9
246  8
6662  9
3126  8
7350  9
3990  9
6942  8
6806  10
6966  8
14166  9
1198  9
10614  9
78  9
14422  9
494  9
7566  8
14134  9
782  9
4918  9
14358  9
9174  9
9350  9
3150  9
6982  9
1758  8
310  8
9758  8
12830  10
6102  8
774  8
4286  8
6350  9
12638  9
6086  8
1374  9
8126  8
438  10
14774  9
1574  9
5734  9
13590  9
2686  9
5414  8
12118  8
9078  10
13878  10
3454  10
3574  9
7774  9
2782  9
5766  9
10742  9
11094  8
4894  9
11958  9
5110  9
13534  10
4470  9
1022  9
4318  9
7422  9
14766  10
6670  9
10366  8
9294  8
14814  9
5518  10
462  9
2086  9
10310  9
4030  9
9070  10
4726  10
1174  8
7310  10
3102  8
1598  9
4462  8
13078  9
10830  9
4390  8
3246  9
13134  9
1806  8
2862  9
9894  10
8430  9
14286  8
6926  8
5486  8
5566  7
2950  8
3134  9
7518  8
5238  8
13214  8
4942  10
4062  9
14190  10
8478  8
9566  9
830  8
4654  7
8246  9
9526  9
8358  9
9374  8
5670  10
6030  7
7086  9
54  9
5366  9
286  8
8270  8
6918  8
1790  8
8206  8
10318  9
2998  10
11206  9
4110  8
12222  8
11302  9
7646  10
5582  8
4990  7
8606  8
10982  8
13294  8
12982  8
4478  9
6862  9
12022  9
8470  10
11198  9
12894  9
7206  8
2566  8
5142  9
7710  9
8062  9
8598  8
9950  8
12174  9
2278  8
8190  8
11294  9
12926  8
4326  10
598  9
5510  8
9206  9
7406  9
10398  9
14494  9
10182  8
10214  9
10174  8
3630  8
4566  8
10262  9
13614  9
2670  10
582  9
7302  9
7878  9
2006  8
5342  9
12342  9
8086  8
2038  8
10406  9
7990  8
1742  9
14758  9
2934  9
926  9
3774  8
13222  9
14150  10
2414  10
1446  9
13718  9
2094  9
5246  10
13694  10
12918  8
13830  9
6870  8
5254  8
5590  8
8918  9
10750  8
11222  9
10702  9
6686  9
974  9
8870  8
6582  9
12822  10
5550  9
14454  8
8822  9
12686  8
6614  9
126  8
2238  9
2502  8
6630  8
14726  9
3598  8
5790  8
1254  8
13582  8
1958  8
2470  9
198  9
5470  9
8966  9
4262  10
13502  9
5294  8
10014  8
4710  8
1950  9
4750  10
1510  9
9158  9
3486  9
3390  9
766  9
4134  8
12606  9
222  10
4070  8
7510  10
9934  8
6334  8
3510  9
11590  10
5454  8
5694  10
214  9
9630  8
2638  9
1558  9
654  9
4366  9
2126  9
414  8
3734  8
3550  9
10470  9
3782  10
9182  9
12078  9
1382  8
8302  8
1526  9
4774  9
9862  9
11046  8
4686  9
4886  9
942  8
8638  8
10942  9
9302  9
10286  9
11990  8
4766  9
9662  8
2598  8
10246  9
14318  9
12406  8
14414  8
5166  8
9086  9
8742  9
10478  9
1646  9
2222  8
3814  8
1238  8
4982  8
11798  10
10422  8
5526  9
9574  9
382  10
1582  9
11502  8
14790  8
3830  10
5478  8
7062  9
11350  8
12230  8
10102  9
12134  9
6958  8
12278  9
2382  10
8974  10
8542  9
6182  9
3806  9
8454  9
11654  9
3446  9
6454  9
13038  9
1886  10
11870  9
14502  9
1902  8
6702  9
6774  8
6606  9
9798  9
4822  9
10454  9
11950  8
14510  9
8678  8
7790  9
11662  8
9006  9
9614  8
6062  9
8942  10
10526  9
4758  9
3110  8
12662  8
11814  8
9062  8
790  8
14550  8
10766  8
7230  8
9510  9
3326  9
7286  9
12142  9
4902  8
12294  8
11278  9
9998  8
13390  9
982  8
6054  8
14878  8
13094  9
1798  9
14046  8
1878  9
1846  9
1694  8
7070  9
8702  8
12206  7
7158  10
2574  10
12582  9
9550  8
4158  8
12262  9
10158  9
11470  8
12286  9
6286  9
2982  9
4486  8
13918  9
2758  9
7022  9
3878  9
12534  10
6214  9
7094  8
6238  8
6822  10
8198  9
5326  9
2390  9
12414  9
4934  9
8846  9
11422  9
8494  9
3286  8
6230  9
6838  8
10654  8
11446  9
8790  8
9638  7
6830  8
5902  9
9942  8
9766  9
9262  8
6198  8
3558  8
