13317  9
4685  9
8357  9
14149  10
11461  8
8565  8
3197  8
4733  8
1053  8
6573  8
13701  9
2493  8
8077  8
12989  8
10469  10
1325  8
5133  8
3517  9
8405  9
3877  9
10845  9
13493  10
10837  8
11397  8
3973  9
8333  9
10749  9
11885  9
13301  8
7533  8
1813  8
9829  9
9029  9
6229  9
2021  8
3949  9
12429  9
14437  9
2797  10
3165  9
5893  8
2117  10
1717  8
5229  9
11149  7
8589  9
6605  9
7613  8
2541  8
7397  9
7757  8
7453  8
293  8
93  8
3789  9
5869  9
2325  8
9357  9
5653  10
7845  9
10389  10
6693  9
6613  9
453  8
14405  10
14981  9
6261  9
14445  9
13821  8
10669  8
1005  8
7165  9
7213  8
7189  8
12421  9
5181  8
13341  9
14765  8
8997  9
12317  8
12165  9
13269  9
8725  9
8757  8
7581  9
13957  8
2909  9
541  8
1749  8
14213  8
14525  8
741  9
3109  9
8989  9
9413  9
10589  9
4853  8
12101  8
5877  9
9549  8
12973  8
10109  9
8325  9
12733  9
14101  8
2133  9
4037  9
3901  9
13893  8
2293  9
12045  8
13685  9
13141  10
9005  8
4829  8
1405  9
5725  8
2205  9
6749  8
2669  9
7693  8
8285  9
1373  8
6149  9
10277  9
4661  8
3957  8
14189  9
13365  9
685  8
8189  8
1565  8
14501  9
3293  9
13293  8
13629  8
4901  9
4749  8
14157  9
14829  8
11157  8
269  9
1013  9
5533  9
9309  9
12813  9
11733  8
4173  9
4381  8
2613  9
9301  8
3061  8
2837  7
3045  10
2581  9
1157  8
8901  10
6541  9
12805  9
2653  8
8861  9
8365  9
1109  9
11589  8
10605  9
7573  8
5781  8
14413  9
14285  8
6837  8
4061  9
197  8
4477  9
4253  9
8037  8
4725  9
3653  8
4925  8
9869  10
10293  10
9941  8
12509  9
4525  8
13981  8
9237  8
3533  9
7677  9
1413  9
7645  10
5341  10
2917  9
3997  9
10733  9
2829  9
173  8
821  8
1181  10
3541  8
9957  10
7229  10
4541  8
4909  9
12109  8
4637  8
3133  8
8517  8
6245  9
1981  9
6349  9
9533  9
1133  9
10245  8
117  8
10973  8
13037  8
14685  10
7421  9
2661  9
245  9
1205  9
3685  10
13933  9
5517  9
5565  9
1117  9
573  9
4005  8
3853  9
517  8
12357  9
5957  9
14509  8
14661  8
4949  8
12381  8
1933  8
3549  9
12629  9
14845  9
4285  10
5325  8
2005  9
4973  9
14245  9
6205  9
12349  8
11493  9
6909  8
9781  9
10301  9
2629  10
7501  8
6061  8
10189  9
5805  8
981  9
4085  8
12325  8
10317  9
11317  8
14021  8
6893  9
11485  8
13565  9
2893  9
3029  9
4597  8
7485  8
7461  9
12645  9
13645  9
3357  8
6869  8
533  10
6301  9
14597  8
13869  9
14077  9
4205  9
12445  9
2053  8
11341  8
12829  8
14109  8
4125  8
4165  8
165  8
2749  10
1365  9
2717  8
4821  9
6861  10
6005  8
9613  9
12405  8
14517  8
8269  9
9989  9
13405  8
2245  8
3493  9
10453  9
1573  8
7629  9
12677  10
9717  9
11213  9
7349  8
5285  9
12021  10
8485  8
5253  9
10525  9
12053  8
1293  10
7789  8
13637  9
3445  8
12373  8
12501  8
5421  8
7917  8
8093  9
11821  9
13805  9
9037  10
3885  9
3013  9
14901  9
12909  8
6781  8
12365  9
2701  9
6677  9
9053  9
2885  9
10925  8
6965  8
4613  9
5333  9
11029  9
9349  10
461  9
10069  10
805  8
3717  8
13109  8
1821  10
5213  10
5021  8
3317  9
1253  9
5445  10
3053  9
4341  9
4677  9
8677  9
9165  9
6237  8
6621  9
10405  9
1141  9
5117  9
12221  10
4421  9
1389  8
6045  10
9253  8
7285  9
1549  9
11277  10
2149  9
7709  8
8381  9
14701  10
709  9
7133  9
2789  9
7005  9
10013  8
10981  9
14637  8
7837  8
5837  8
7253  9
7245  8
13757  9
14013  8
14429  9
8469  10
10725  9
3077  9
1381  9
11437  9
13669  9
10989  9
8853  10
14381  9
2533  9
13461  9
2301  8
11421  10
349  8
8893  9
6429  8
8573  9
549  8
5693  9
13557  10
4765  8
12005  10
3573  9
4309  8
445  8
45  8
3797  8
9229  10
7157  9
11077  9
10061  8
13053  8
9741  9
10693  8
13741  8
7877  9
13917  9
14557  9
2557  9
4365  8
6477  9
853  10
9645  9
12389  7
6773  9
9541  9
12413  8
13205  9
1781  8
2509  9
5469  10
7149  8
5757  9
11301  8
11685  9
11901  10
8117  9
1861  9
7117  8
1285  10
7173  9
14533  9
11365  10
1701  9
3933  9
4349  9
1301  8
2453  9
6581  10
6877  7
11997  9
2941  9
8645  9
3405  9
4885  9
493  8
1517  9
1637  8
4573  9
11621  8
13613  9
2901  9
7997  9
893  8
5197  8
7925  9
10373  8
8501  8
7053  9
12157  9
12261  9
12029  8
373  9
12565  9
3837  9
12485  9
4645  9
6181  9
9637  10
3325  9
5581  9
1501  8
8533  8
13941  9
5605  8
9197  10
5429  10
1957  10
13973  9
13021  8
11061  9
5277  9
861  9
12437  8
4077  8
5453  8
11093  9
5909  8
6269  9
1989  9
13845  8
9133  9
12469  8
3893  9
10661  8
6717  8
12661  9
77  9
5269  9
11405  8
14253  8
429  8
7301  8
4509  8
2693  9
7853  9
14749  8
3693  10
3725  9
6397  8
5509  9
8949  8
9445  8
13661  8
9997  9
10597  9
6509  9
9125  8
13157  9
3981  9
701  8
6637  8
14301  9
645  10
14957  7
8493  9
6933  8
11165  9
3341  9
885  9
2845  9
8909  9
1477  9
13781  8
4101  8
4557  9
6789  9
8749  9
9845  9
14581  8
8445  9
1997  9
4517  9
14613  10
1709  8
2781  10
7589  9
11133  8
589  9
3429  8
9397  10
469  9
14669  7
1693  9
181  9
4789  9
3821  9
3413  9
8717  9
11877  9
8261  8
4589  9
4429  9
1037  9
13349  9
6373  8
9757  9
14589  9
12765  7
2197  9
4293  9
5685  8
5709  8
2733  10
11517  10
9981  9
12133  8
12621  8
14853  8
14741  7
12685  9
6757  7
4245  8
10357  9
7661  9
9365  10
5061  9
2109  9
6669  9
10581  9
4389  8
14653  10
6277  8
10797  9
773  9
12341  9
5765  9
7109  9
12037  9
3021  9
6925  9
9461  9
5501  10
53  8
3501  7
9333  9
613  8
10085  8
1789  9
5173  8
4845  9
5853  10
8973  8
2429  8
5861  9
9557  10
11237  8
8045  9
12229  9
10517  10
11853  10
69  9
6125  10
12877  8
1653  10
4109  9
5621  8
2637  10
3629  8
12581  10
3989  8
8605  9
757  9
477  9
8205  9
10461  8
7813  8
14133  9
653  8
925  7
14029  9
2757  8
6517  8
3173  9
3557  10
14141  9
4141  8
6813  9
3261  9
4117  10
4229  10
6165  10
13133  8
7965  9
5461  8
9269  8
11781  10
7637  9
12917  9
4301  9
3645  8
14893  9
7893  9
5069  7
6381  8
13517  9
9117  9
10805  9
3925  8
4669  9
14045  10
1877  8
11533  9
11261  9
6253  9
4701  8
10093  9
7405  9
5029  9
13469  8
2181  8
7381  9
14693  8
4029  9
11285  8
9909  9
8173  9
3181  9
1685  9
13733  9
4965  9
10413  9
7973  8
4621  8
909  8
14477  9
4741  10
14573  9
5845  9
11741  8
3509  8
4813  8
4501  8
6661  9
12605  9
13029  9
2877  8
5413  9
10021  9
12997  9
14341  8
8245  9
12061  8
11613  8
8661  9
9085  8
1669  9
1061  9
11557  9
1045  8
2989  8
7685  8
3277  9
9621  9
1893  10
11973  10
2981  9
3597  9
8293  8
10029  10
565  8
2037  8
13597  10
3149  9
12125  9
3037  9
3269  8
4045  8
5917  9
9661  8
14869  8
1773  9
5149  9
13621  9
9525  7
11221  9
229  10
7085  9
5925  9
6917  8
2269  8
9221  9
10485  8
5357  9
149  8
3125  8
11845  9
6325  8
12493  10
9061  9
1629  9
9501  9
14469  9
997  8
2085  8
11981  9
14349  8
12901  9
9437  9
14725  10
109  8
3965  9
13077  8
1397  9
5309  9
7093  8
14645  9
3765  9
10341  8
5885  9
6957  9
11709  8
11661  9
11389  10
12069  8
2925  9
5541  9
10789  9
2309  9
13813  9
9885  8
12477  8
9077  8
14733  9
11229  8
13381  9
10781  8
7341  8
669  10
7365  10
13333  7
13101  9
8845  8
101  9
3637  9
6597  10
6845  9
10765  10
3917  9
12285  9
12573  9
7941  9
10501  9
8165  9
6405  9
3093  9
9901  10
6293  8
341  8
10533  9
9149  8
8981  9
11197  9
14093  8
11989  9
9509  9
4989  10
7549  9
8101  8
7477  8
14949  9
12597  9
2861  9
7469  9
261  9
6525  9
5077  8
1485  9
5165  8
7325  9
10773  9
213  8
8669  8
13581  9
1965  9
13085  10
7141  9
1613  8
877  8
6189  8
3829  9
10637  8
2365  8
12149  9
1333  9
4485  9
3773  10
9605  9
11525  9
7269  9
2525  8
11445  9
325  9
6117  8
7861  9
11381  9
2237  9
4013  8
8629  8
1021  10
765  8
3397  9
5205  10
133  8
13605  9
949  8
10037  9
1917  9
14173  8
3909  9
10269  9
12517  8
5245  9
13285  9
10877  8
13389  9
14269  10
4709  8
9733  8
5773  9
8421  9
13677  8
11573  9
12653  9
485  8
14053  8
5389  9
6101  8
9373  9
11101  8
2253  9
11117  8
2933  8
3677  8
8805  8
7373  9
10285  8
9917  8
11549  10
14605  9
1805  9
12749  9
6733  8
3333  10
6685  9
8141  9
10917  8
14317  9
4893  9
3605  9
8821  9
12725  9
12925  8
5301  9
3589  9
3621  9
2573  8
6333  9
9013  9
10829  9
1445  10
1925  9
11917  9
1661  10
10157  8
3229  9
2405  9
2869  10
4069  9
13173  8
11269  9
4605  9
13413  8
10221  8
2949  10
3661  9
21  8
6741  9
1973  8
2397  8
11789  8
5973  9
637  9
6989  9
9589  9
3869  9
10709  7
5965  9
14885  8
2517  8
12941  8
12013  8
4221  8
14909  9
4445  8
1165  8
1029  9
9893  9
8429  9
1677  8
2605  8
6645  9
14757  9
14365  9
4357  8
5037  9
2709  8
6501  9
1125  8
9469  9
13549  9
6413  9
6709  10
4773  8
14965  9
4269  8
1597  9
10077  9
8453  9
10965  8
6077  9
10229  8
1509  9
2413  8
3253  9
7429  9
6565  8
6221  8
11173  8
10437  9
12077  8
13709  9
10853  8
3461  9
10149  9
1229  10
13509  9
4333  8
3805  8
397  8
3709  10
6829  9
5293  8
1949  9
7717  9
4197  10
4933  9
14293  8
2101  9
11893  9
3845  8
5733  9
13765  9
7013  9
11125  9
6309  9
10181  9
501  8
6797  9
1437  9
869  9
14989  8
12853  8
13453  9
6973  8
6037  9
2141  9
6357  10
12253  8
8701  10
5053  9
11469  9
5629  10
6981  9
6701  8
6941  8
8061  9
14461  8
12981  9
10557  9
6213  9
11013  9
9821  9
5437  10
6461  8
5813  9
8277  8
5525  8
7725  9
9181  8
11645  8
8741  9
5365  9
7021  8
12453  9
5949  8
14389  9
3749  8
8221  8
7029  9
11109  8
1149  9
8581  9
13997  9
9213  8
6341  9
11693  8
4237  8
12965  8
10333  9
13445  8
2069  8
7701  9
11021  9
12237  9
4781  9
1605  10
11653  9
11869  8
8653  8
13725  9
1245  9
9157  9
7101  9
1853  10
1221  9
12533  8
14309  10
2213  9
13237  9
3285  8
5789  9
14069  10
7653  9
3189  8
11925  9
5349  8
4757  8
557  10
14789  9
9341  8
4805  8
14061  9
2461  9
12821  10
3365  10
973  8
9877  10
4629  8
285  10
421  8
5669  9
1733  10
8005  9
629  10
12301  8
11829  8
9493  9
1077  8
9453  8
13117  8
11245  10
10893  10
965  9
7805  8
10045  8
4053  8
8837  8
829  9
8885  9
6589  9
3373  9
9389  8
12309  8
14877  9
3733  8
9325  9
4213  9
14117  9
12797  9
10173  9
8925  9
1581  9
10205  9
10421  9
733  8
5677  8
7333  9
10957  9
8557  8
13525  8
10901  8
8957  8
12189  9
9285  9
14805  9
933  8
7509  9
9813  9
7741  9
9573  9
8229  8
957  9
11477  8
3437  9
10997  7
4469  9
10197  7
12885  8
5701  9
9189  8
3205  8
509  9
12957  9
12709  9
13125  8
11253  9
14549  8
11773  9
11005  8
8781  9
677  8
8109  9
7981  9
3477  9
10821  9
1541  9
9597  9
13357  10
661  10
14917  8
11309  9
9685  8
1533  8
4397  8
8733  8
9701  8
5717  9
11501  9
13213  9
6093  8
14453  10
29  9
8509  9
6053  8
13197  9
2485  8
5125  9
14237  7
8773  9
1101  8
13397  9
9653  10
13837  10
9317  10
11749  9
13949  9
3381  9
1909  9
8685  9
4437  8
6557  9
9261  8
3309  8
13005  8
6421  9
5405  9
3221  9
9677  8
5989  9
4957  9
12837  9
11181  9
13181  8
1269  8
1837  8
14565  9
6197  9
2773  9
10565  9
8029  8
8693  9
11957  8
6437  8
9725  9
7597  8
2229  10
5613  9
14373  8
14837  8
2445  8
10141  8
14397  8
8637  9
1349  9
9381  10
13253  10
941  9
5157  9
10885  9
1341  9
10253  10
6533  8
10933  8
5941  9
1197  9
8213  9
13245  9
5397  8
1461  8
253  9
9749  9
1173  9
6629  10
9765  9
11677  9
2813  9
2477  9
9965  8
7885  10
14621  8
6317  8
1189  9
10237  9
8541  8
10117  9
14973  8
8341  9
3813  9
6013  7
13013  9
5493  10
5  9
13  9
12613  9
10133  9
12669  10
14165  9
7077  9
11813  9
2349  9
13653  8
2765  9
7781  8
10309  10
901  9
8373  8
2373  8
7525  9
7293  8
12717  8
9293  9
4533  9
7493  9
8317  9
11325  7
2501  9
5261  10
5997  10
7565  9
4133  8
7821  9
2277  8
13773  9
61  9
14037  8
7445  9
10757  8
2621  8
12525  8
9797  9
12333  9
4581  9
10213  8
10381  8
11453  9
8549  8
12117  9
12181  9
11669  8
2165  8
11941  10
2317  8
11629  10
5749  8
14421  9
9405  9
8157  9
14205  9
1757  9
7669  8
365  9
8021  10
9709  9
7605  9
12949  8
4797  8
2677  9
1645  8
5237  9
14181  8
2389  9
8709  8
2957  9
13277  8
13485  9
11357  9
3389  8
7749  9
9565  8
10613  9
11509  10
4869  10
11861  10
14357  10
6085  9
12293  9
13693  9
605  8
13061  9
2261  8
10813  7
9173  9
6453  8
10909  8
781  9
7061  9
1885  8
2973  9
10621  8
4565  8
10493  8
2853  9
14085  9
1261  10
5637  8
11701  8
4405  9
621  9
5933  8
5141  9
14325  8
3701  9
7989  8
10549  8
13853  9
1069  8
3581  10
6725  9
6997  8
7957  9
8789  9
9109  8
10645  9
2061  8
2685  8
4877  8
381  8
3421  8
10717  8
11837  9
12933  10
12893  9
14229  10
7933  8
2805  9
5373  9
2597  9
13861  8
5981  9
6469  8
14925  9
11565  9
12701  8
7733  8
1829  8
12397  8
3741  10
581  8
8069  9
10677  10
5573  9
9517  8
14861  9
13437  9
2421  9
1901  8
1317  9
7901  8
9837  8
13749  9
12637  9
13877  9
5797  9
7197  8
8613  9
6549  8
2333  8
11725  9
12245  9
8237  9
14717  8
8869  9
9581  8
9021  9
7277  10
14541  9
9861  8
13229  10
237  9
10365  9
1453  9
3245  8
389  8
8181  9
3861  9
6157  9
7037  9
14821  10
4493  8
9789  9
1237  8
11293  8
5557  9
8149  8
437  8
2565  8
6653  8
5661  10
2173  10
3669  8
8813  10
6109  8
11189  10
9933  9
597  9
11581  8
13429  8
14125  10
5597  9
3101  8
5109  8
6805  9
12557  7
277  8
8253  9
7557  8
5741  9
1797  8
333  9
3301  9
845  8
2221  9
4413  8
8965  9
8525  9
14709  9
3157  9
10741  8
2093  8
797  9
11085  8
7437  9
12781  9
14221  9
13925  8
5549  8
3613  9
11909  9
10949  9
189  8
7357  9
4093  9
9973  10
2725  8
12141  9
14997  8
2741  9
7949  8
7829  8
12773  9
11757  9
13797  8
7797  8
8389  7
4917  8
13221  9
13501  8
7541  8
13573  10
2645  9
12197  8
10101  9
10005  9
5589  8
1493  9
8829  9
5221  9
9485  9
301  9
7205  9
5829  8
13325  8
14941  9
13069  9
2045  9
14197  8
13541  8
11053  8
6389  10
7221  9
3453  9
4997  9
7773  10
13149  9
5005  9
11069  9
2357  9
6173  9
9141  9
13717  10
5189  8
7621  8
749  9
357  9
9245  9
11373  9
13901  9
11333  8
5477  9
1277  9
10397  9
11805  8
2189  8
13309  9
1525  8
14781  9
1421  8
7125  8
7317  8
9421  9
3781  8
3085  9
1741  8
2381  9
9629  8
2013  9
2549  8
5101  9
37  9
7309  9
2437  9
10941  9
8941  8
4981  9
14005  8
4549  8
309  9
10445  9
12549  9
4941  8
10869  9
3005  8
7389  8
10429  8
7517  8
3565  8
6021  9
7261  9
10541  8
12205  8
4325  8
5093  9
5317  8
5485  8
8349  8
9277  10
11965  8
10629  9
525  9
8933  8
14493  9
10685  9
413  9
2029  9
11045  8
3213  9
9093  9
1357  8
11717  9
13165  8
4453  10
5901  8
8413  10
5645  9
11413  9
11205  10
1869  10
2965  9
6365  9
11541  8
1765  9
5085  8
5381  7
6949  8
2469  10
11765  9
10125  10
12093  9
7237  9
1085  8
13989  8
693  8
2341  9
6445  9
11037  9
4861  9
14813  9
4181  8
13885  9
8125  8
13189  9
9669  8
11605  9
717  8
12541  10
1941  9
11349  8
7765  8
11949  8
6765  8
8053  9
13477  9
8765  9
5013  9
14333  9
9949  9
9205  8
2125  10
317  9
813  7
6069  8
1469  9
141  9
221  8
6133  8
3469  8
8437  8
6493  8
12269  9
11797  9
4277  8
12589  9
4717  9
917  9
13965  8
13589  8
10349  8
1621  9
5045  9
8797  9
13261  9
4189  8
2077  9
10653  9
6485  8
14629  9
2157  8
125  9
12277  9
157  9
9101  10
1429  9
12085  9
2589  10
4693  9
2997  8
4157  8
7181  9
8477  9
3069  8
9693  8
11933  8
725  9
1725  8
8309  9
12173  8
9045  9
10573  9
12757  9
12461  9
6285  8
837  9
14933  9
8197  8
9805  9
1589  9
10861  8
14261  10
8133  8
4461  10
9069  9
12869  9
14485  9
1845  10
3349  9
1213  9
10509  9
6141  7
13829  9
6901  9
10261  10
12213  8
12741  9
13093  8
3117  8
8085  8
1309  9
85  8
789  9
4261  9
405  9
13909  9
5821  9
8877  9
4373  9
10477  8
3485  10
9925  10
14797  10
12789  9
10325  8
7069  8
8917  9
3237  8
6029  10
9773  8
8397  8
13373  9
8301  8
2285  8
4021  9
8461  10
10053  8
9853  8
6853  9
12693  8
3757  10
205  8
8013  9
12845  9
11637  9
7909  10
10701  9
13421  8
7045  8
2821  9
14277  10
11597  9
1557  9
1093  7
989  9
10165  9
4837  10
12861  9
4317  9
6885  10
3941  8
11429  9
7413  9
11141  9
4149  9
13045  9
4653  8
14773  8
6821  8
8597  9
13533  9
13789  8
7869  9
9429  10
9477  8
3141  9
14677  8
8621  8
3525  8
