6031  8
11551  9
13871  9
1687  9
9215  8
12983  9
4551  9
3007  9
4159  10
4823  9
5695  8
10359  9
9831  10
12287  9
4399  9
14239  8
14967  9
10479  9
12959  9
5295  8
4839  9
9071  9
14535  9
11495  9
7591  9
2335  8
12471  9
13567  9
10951  9
13799  10
5839  10
8727  9
9647  10
10007  7
9943  9
2351  10
8031  9
11943  8
3903  10
13063  9
14039  10
6831  8
11439  8
8799  9
3487  8
12543  10
14599  9
1031  8
6207  8
11127  10
5479  9
8439  8
11959  9
2511  9
3351  8
4535  8
7375  9
5727  8
8119  8
12999  9
6151  8
79  8
5047  9
5863  9
2239  10
3191  8
10487  8
10295  9
13943  9
2615  8
11639  8
9735  9
12679  9
9495  9
13367  8
735  10
12279  8
10127  8
423  9
1279  10
4735  10
10447  9
1567  8
4727  8
4951  8
10959  8
2439  9
2135  9
831  9
95  9
11647  8
13727  9
6815  10
13975  9
12743  9
14215  9
959  9
6591  9
5775  9
759  9
10727  8
5935  9
12511  10
7847  8
14111  9
7  7
14791  8
1319  9
695  9
12095  8
4343  9
5055  9
14495  9
4671  8
10215  8
1407  10
10415  9
359  9
2415  9
7735  8
14687  7
6847  8
2279  8
3919  9
7071  9
13711  9
13135  8
791  8
1431  9
8631  10
2175  9
2247  9
7967  7
3703  9
2591  9
13199  9
7439  8
12375  10
12631  9
4903  10
5079  9
10583  9
5455  9
9927  9
13095  9
1175  8
6087  9
9135  10
1623  9
7951  9
11839  8
12071  8
7751  9
12119  9
10247  8
12527  9
935  9
8087  8
4799  9
4663  9
6911  9
7975  10
9511  9
14847  8
4791  9
10751  10
8479  9
11455  9
9799  9
12327  8
10271  8
6751  8
727  9
11407  9
7039  8
9631  9
12791  8
3655  9
10015  9
7959  9
671  9
10823  10
7047  8
1135  9
10159  8
159  8
5959  9
2367  9
5487  8
14479  8
9359  8
7311  10
4103  9
13583  8
4807  9
13671  9
3519  9
2023  8
12439  8
3783  8
12487  9
2103  10
8423  9
12903  10
559  9
1799  9
5519  8
12479  9
2151  8
3879  9
5743  8
487  10
7191  9
1911  8
2079  8
1271  9
5967  9
7271  10
10887  10
9607  9
3207  9
5095  8
11383  9
12135  9
14119  9
3983  9
6975  8
6063  9
399  9
11375  9
5143  9
8559  8
8839  9
2183  8
2527  8
9615  8
679  9
8463  9
1207  8
543  9
7407  9
8607  9
1231  10
6279  9
4063  9
10663  10
2671  9
6335  8
5015  9
7575  8
9327  9
3575  10
6231  9
4623  8
6039  9
3095  8
4327  9
6479  9
6551  9
11903  8
7383  8
13463  8
3743  8
11143  9
12207  9
1759  9
1959  8
3823  8
4231  8
8151  9
6455  8
14295  9
14351  9
7927  9
8623  9
11687  9
13591  9
5719  8
13679  9
1919  8
5631  10
6527  9
1935  9
4983  8
6783  9
11263  9
10023  10
13743  9
5943  8
10919  9
7447  10
5655  8
8767  9
8399  9
3039  9
13615  9
11735  8
4047  8
3183  7
3855  8
7583  9
10863  9
14455  8
2111  9
5359  10
3447  9
975  8
5975  9
11799  8
13167  9
3511  9
4759  9
3535  9
6663  9
14231  9
6983  8
6423  7
12255  8
11567  9
7183  8
12351  8
13511  9
2679  8
1791  8
13207  10
1079  9
1511  9
8023  9
1095  8
8751  8
7783  9
879  9
4559  8
4647  9
14071  8
7919  9
8135  9
9991  9
151  8
9895  9
4815  8
12551  8
13351  9
4743  8
11327  8
9687  8
767  8
319  9
12367  9
2055  8
9839  8
1375  8
639  9
9791  8
3927  9
6127  8
8567  9
2047  8
5919  9
175  8
6759  9
8943  9
743  8
14519  8
10879  10
4367  9
2295  8
8447  9
6823  8
6887  9
3719  8
1495  8
199  8
583  8
11039  10
7887  9
5247  9
2343  8
13079  9
12023  8
5103  9
12767  8
14487  9
6599  9
3847  9
471  8
10431  7
9479  8
11823  9
7031  8
7223  9
3799  8
2839  8
6615  10
9711  9
7503  9
6807  9
4167  8
3631  9
2167  9
431  9
6119  9
391  10
9887  9
12591  9
12783  10
1487  8
2447  10
9959  8
11207  9
7823  8
12863  9
14719  8
4079  9
9279  8
2575  9
6879  9
9487  8
3151  9
5559  9
2095  9
8255  10
6719  8
6639  8
10239  8
4855  9
12775  8
13703  9
1815  9
2207  8
7871  9
11399  8
3887  10
6239  9
4575  8
3415  9
11703  8
13183  9
13023  8
12079  8
10735  8
1191  8
6399  9
12663  8
5735  8
11215  8
1663  10
14303  9
13687  10
6775  8
2199  9
3223  9
6543  9
4567  9
13471  9
3871  8
5591  8
14663  9
1527  9
5759  9
4407  8
3255  9
8911  8
4703  9
4431  8
3215  9
10087  9
13815  9
4351  8
13951  8
9911  9
10607  10
1871  8
11151  9
13271  8
8071  8
14319  8
3015  10
447  9
3319  9
6991  8
5175  8
6711  10
12503  10
6319  9
2863  8
10927  8
2119  8
9519  9
9743  8
367  7
9783  8
775  7
9351  8
3063  9
7695  8
1575  9
4255  8
11935  10
9039  8
9335  8
11247  10
6015  9
8287  8
1583  10
12607  9
1199  9
14911  9
6943  9
9463  10
14447  8
14695  9
4031  8
4599  8
13239  7
10079  9
12639  9
13767  9
5951  9
4831  10
9527  10
1823  9
6215  10
1551  8
711  8
3807  9
6439  10
14383  8
2143  8
2879  9
263  8
10327  8
13607  9
11239  8
4751  8
11175  9
13887  8
3527  10
8711  8
4495  7
4319  10
1671  9
8487  9
5071  7
7487  9
11863  8
7399  9
9871  8
13991  10
1055  8
5703  9
10167  9
11727  9
13751  8
14559  9
6103  8
12623  9
8831  9
6135  8
2767  8
847  8
10695  8
351  8
3695  8
9503  8
2271  9
3911  9
3543  8
13551  8
11895  9
12567  9
11423  10
9423  9
7151  9
13007  8
7207  8
8495  8
8791  10
3767  8
7655  9
12911  8
6167  8
12271  10
2383  9
13855  8
5767  9
8431  9
13663  8
6271  9
14287  9
6159  9
11055  8
4223  9
5159  9
14759  9
2871  8
14991  8
12263  10
9751  8
14023  9
11815  9
279  10
5063  8
4415  8
3263  8
9679  8
2703  9
3991  8
14919  9
1007  8
13031  9
7863  7
12927  9
1727  8
12671  9
4767  9
14463  10
9239  9
3975  10
14935  9
11887  9
11599  7
9159  9
6375  9
10407  8
10303  8
943  9
13247  9
7879  10
10031  8
12343  8
6223  9
3775  8
6415  9
9295  9
6079  9
2551  9
8047  8
5623  10
10847  10
6735  10
10983  8
14143  8
11679  9
119  7
5879  9
3463  8
6263  9
511  9
12175  9
13839  9
7855  9
5647  9
1023  8
7911  8
5903  9
3639  9
11623  9
12447  9
12519  7
11231  9
11919  9
3087  8
9303  9
14775  9
7087  9
4207  9
13999  9
911  9
2479  9
2727  8
3327  8
6071  10
3079  10
5567  10
999  9
6407  9
10775  10
1607  9
2519  10
11335  8
9183  9
13391  9
12223  9
11975  8
4127  9
839  8
1183  8
3599  10
1063  8
8159  9
7711  8
11711  8
14743  9
12159  9
895  9
6855  9
7295  10
4911  9
10143  8
2311  10
1863  9
6391  8
1367  9
295  8
4423  9
335  8
10551  8
8647  9
9591  8
10615  9
3135  9
9447  9
1303  9
9879  8
12735  9
6175  8
8383  8
11431  10
10655  10
14527  9
14927  7
14223  9
4511  10
6351  9
8343  7
7327  8
9471  8
10135  9
11847  9
11351  8
1239  10
1591  8
7663  10
13631  8
1415  9
14871  9
1471  10
2303  9
4111  9
3479  9
5335  8
5399  9
13967  9
9599  8
7623  10
247  9
9903  9
9983  9
1535  10
12007  9
9399  9
5023  9
9375  9
11543  9
11871  8
6447  8
3359  10
3967  8
8967  7
12655  9
14247  9
8599  9
2751  9
3727  8
1639  9
1695  9
10623  8
2895  10
6999  9
11287  8
13927  8
5527  7
7367  8
13047  9
4479  8
8719  10
6919  9
7991  9
12687  8
6367  9
14431  9
783  9
9191  8
11295  10
231  9
3119  9
3439  9
10199  9
3551  9
11671  8
12887  8
14207  8
7167  8
2407  10
655  9
9407  8
5687  9
7103  9
1087  8
4039  9
6767  8
1679  9
10071  8
2559  9
3735  8
7983  9
167  8
10679  8
7599  8
12319  9
5319  8
10151  10
15  8
2391  9
9863  9
3127  9
5223  9
8039  9
14551  8
2255  9
903  8
4191  9
1983  8
5831  8
8871  9
7455  10
4455  9
14567  9
7943  9
8879  8
10575  8
6191  8
10439  8
14679  9
1351  8
14839  10
223  8
7703  9
3471  9
9655  10
6143  8
7799  8
9023  9
11695  9
2423  8
11199  9
11071  8
8295  9
12143  8
807  10
13439  7
8743  8
9767  9
4999  8
383  9
3567  7
4095  10
13111  9
11743  8
2927  9
1327  9
14135  9
4175  9
13807  9
14751  8
3239  9
495  8
8095  9
14983  9
1543  8
2919  8
14095  8
8663  8
4135  8
4183  9
5119  9
8535  9
8335  8
6495  10
2687  8
2887  8
2359  9
6959  8
4975  9
9079  9
7303  8
13383  9
14199  8
2455  10
11775  10
4311  10
11479  8
14951  9
8327  8
14999  9
4383  9
12399  9
3647  10
13287  9
1975  8
1991  9
4847  9
9559  9
7111  9
7079  9
11719  8
1039  8
1263  8
10223  9
11807  9
1223  9
11607  9
14335  9
2743  9
407  9
927  9
1751  8
14439  9
12063  9
5271  7
12967  8
14079  8
1455  7
4271  10
13535  8
9543  9
983  8
12575  8
7319  8
5855  9
951  8
8319  9
4615  8
1783  8
1655  9
1703  8
7831  8
12991  9
1423  8
1887  8
687  10
7431  9
10599  8
11511  8
6463  8
9199  8
4687  10
10559  8
2831  10
7999  9
12647  9
13623  9
7647  8
12895  9
13231  8
14647  8
13303  8
12951  8
3951  9
5407  9
6623  9
11463  8
2191  9
5031  8
8639  9
6839  9
9151  10
10463  10
10183  8
14015  8
5279  9
3751  8
3455  9
1831  9
12871  9
10055  10
13375  9
14055  8
4775  9
13087  8
7023  7
14807  8
4783  9
10423  9
14031  9
6695  10
10287  8
10319  8
3791  9
7287  8
12359  8
9567  9
215  9
14375  8
13103  9
13759  8
4927  8
14087  8
14471  8
10935  8
3383  9
9807  9
14711  9
4871  9
1255  9
10527  9
4287  8
3423  8
967  8
8079  9
3303  8
5111  8
4639  10
7015  10
10719  9
8527  9
11879  8
815  8
6311  9
799  9
13519  9
6583  8
11167  8
8959  9
5135  8
9063  10
3391  8
12047  9
6303  8
6287  8
4711  10
13487  8
11087  8
6727  8
599  9
11063  8
855  9
3831  9
2159  9
4007  9
2487  8
8919  9
13495  9
12303  8
5471  9
375  9
3495  9
8199  9
8847  9
1383  8
127  9
1399  8
6183  10
8359  9
9551  9
14895  9
2263  9
919  9
14263  8
13399  9
9007  10
6743  7
14831  8
13431  9
11983  9
3623  9
5871  8
7495  9
1359  9
3031  9
10799  9
4591  8
3679  9
7639  10
11311  9
11999  9
631  9
6111  9
863  10
9663  8
13215  9
13527  9
14175  9
13695  10
10335  9
9095  8
12415  9
12759  8
13479  8
6935  9
10999  8
12839  9
3071  9
12199  9
6095  9
11391  9
3999  8
12431  8
12495  8
13895  9
5551  7
7727  9
13311  9
10375  8
3863  9
11271  9
327  8
10791  9
5007  8
8303  8
6383  9
9223  9
415  8
5351  9
13071  9
8783  8
6967  8
2071  8
103  9
4247  9
5911  9
11503  9
11791  9
8127  8
13039  9
4071  10
10767  8
343  9
7791  8
5207  10
2495  8
23  10
10815  9
5599  9
12711  9
3287  9
9855  9
9431  10
7839  9
271  9
1743  8
12823  8
5751  9
8175  9
13359  8
1287  9
5711  9
4879  8
9623  8
11447  9
9255  10
2959  9
8815  10
2975  8
5167  8
1167  10
2031  9
1967  8
3199  8
567  9
2463  8
1735  9
5815  7
9695  8
13935  9
8887  8
6799  9
12815  10
8543  8
4463  8
1463  8
10119  9
663  8
14903  8
14007  8
14399  8
2127  8
12383  8
5895  8
7423  8
5183  8
1151  9
14047  9
5991  9
13575  9
8519  9
7063  9
10543  8
13151  9
2855  9
13295  8
4023  9
13599  9
14623  8
5791  8
14879  10
3375  8
1047  8
751  9
11191  9
13959  8
6687  9
39  10
6927  8
1503  8
7343  9
11031  9
2327  8
71  9
11591  9
12015  9
1127  8
311  8
7135  8
8391  9
4295  9
9823  9
7263  8
8143  9
11527  8
11015  9
10855  9
14511  8
13143  9
14367  9
12407  8
14607  9
2791  8
3311  8
3055  9
11967  10
5087  10
10111  8
12127  8
11255  8
11655  8
6255  8
13127  8
2943  9
13159  8
11223  10
14183  9
1015  9
4239  8
5199  9
5807  8
12535  10
13879  8
6631  8
3559  9
10759  8
12103  8
7463  9
8863  9
8975  9
5311  8
2631  9
31  9
7719  8
4215  9
9047  8
14655  8
11575  10
14503  8
6871  9
10455  9
7127  9
647  9
2375  9
2759  9
12231  9
591  9
14407  9
5999  10
1879  9
1943  9
6199  9
2503  8
3167  10
11783  8
6007  8
10711  9
8279  8
6671  7
5215  8
14167  9
9951  8
14359  9
3687  8
4391  9
12751  9
14615  9
8455  9
519  8
14799  8
8951  8
12831  10
12807  8
13407  9
10631  8
4863  8
2319  9
3663  8
4887  8
3103  8
8231  9
11079  10
13983  8
479  9
6487  9
12151  9
4519  9
5255  9
11359  8
575  8
3943  10
4471  9
8063  8
615  8
1767  8
6895  10
5535  8
9127  10
8007  8
9575  8
5263  8
14271  8
5343  9
5431  9
5039  9
14943  9
5543  9
9639  9
2215  9
2655  9
14975  8
1999  9
11183  9
7351  8
10519  9
3407  9
3279  8
11663  9
9343  8
13735  9
7239  9
10967  8
7743  9
2663  8
9975  9
11951  8
11991  9
9727  8
3143  9
11855  9
14671  9
1479  10
871  9
14855  9
11103  8
7527  9
287  9
87  10
5423  8
455  9
1215  9
10831  9
9935  9
12311  9
11303  8
4015  9
10399  9
3335  9
607  9
5375  9
10911  9
9535  9
14735  8
13423  9
11767  8
5231  8
9319  9
8583  10
5615  8
4303  9
1335  9
10191  9
9247  8
2007  8
5679  9
14391  9
4263  8
6903  9
8775  9
12455  9
7807  9
9391  9
13559  9
10743  9
2903  7
7671  9
7903  9
5663  8
1143  8
4991  10
3671  9
4119  9
14255  9
1711  9
8223  9
6431  9
6343  9
7759  9
6607  8
5463  10
14639  9
5439  9
14727  9
7767  8
14327  9
6471  10
7935  10
11471  8
7631  8
14631  9
13863  10
4679  8
12719  9
8511  8
303  9
4359  8
9847  9
9311  10
703  9
10175  9
623  10
3023  9
1807  10
535  9
3935  9
7519  10
2231  9
4959  9
7615  9
13647  10
8551  8
8111  9
2471  9
13263  8
11367  9
8167  9
11119  10
6951  9
6503  9
719  8
8679  9
7815  10
9287  10
10503  9
10095  9
13255  7
255  10
3839  9
6519  8
7775  9
8671  9
10263  8
3583  8
10807  9
11279  8
13543  8
2607  10
5583  9
9143  8
8703  10
3111  9
5671  9
10535  9
3591  8
10839  10
9167  8
1311  9
4447  9
8239  9
11831  8
3231  8
12191  8
2911  10
6655  9
1615  8
13655  9
10975  9
7231  8
11159  9
1159  9
1903  8
7143  10
5151  8
7255  8
8351  9
6047  9
13823  9
8247  9
3367  8
9175  8
8015  8
12799  9
2015  9
5383  8
3343  9
5927  8
2735  9
7687  9
143  9
8207  10
8407  9
2599  9
13319  8
13919  9
14783  10
9231  9
8375  8
8735  9
439  9
5823  8
2991  9
7479  9
12167  9
14823  9
9919  9
12247  8
10047  10
10495  9
7247  9
14311  9
10943  8
10647  9
8263  8
111  8
527  9
4055  8
2623  8
8615  9
11487  9
11615  9
8903  8
10383  9
14887  8
1855  8
4607  10
12215  8
6679  8
1951  9
4543  9
8503  8
7215  9
2583  8
11111  9
8055  10
12855  8
1447  10
2807  8
12335  9
6567  9
11047  8
1775  9
7679  10
4919  9
9967  8
14767  9
6359  9
8935  8
4935  9
13343  8
12919  9
2847  8
1559  9
135  9
1927  8
2999  8
10063  9
10351  9
4655  8
13719  9
6511  9
14959  9
3399  9
9703  9
239  9
9103  8
12943  9
10471  8
14591  10
7119  9
12039  9
13447  8
3175  8
12239  8
2935  8
14863  8
12599  9
14583  7
1111  9
12615  10
3759  8
7007  8
1071  9
10255  10
7175  9
1343  10
4439  9
14703  9
14151  8
11751  10
10639  9
11023  8
12583  10
6703  9
14103  9
11559  10
13191  9
2567  8
10311  7
2039  9
11631  8
13639  9
11519  8
3895  9
4279  9
2711  10
10231  9
14543  10
11927  8
13015  9
6791  9
9719  9
10567  8
5391  8
13455  8
13911  9
7471  7
6247  9
3815  8
12559  9
12423  8
2287  8
5503  8
6559  9
8855  9
10039  8
7391  8
7055  9
2647  8
5127  8
9119  8
13223  8
9439  9
11535  10
11343  8
13903  9
5287  9
3047  8
4695  9
9775  8
7095  10
14815  8
13775  9
8695  9
10871  8
2695  8
3271  8
63  9
13055  9
14063  9
7607  9
2823  8
4151  10
10895  8
5447  10
2063  8
7895  9
1839  10
1631  8
5303  8
10207  9
3711  9
8807  9
8215  8
9583  10
5511  9
13335  9
5327  9
4967  9
5607  8
4583  8
7359  8
9271  9
4527  8
1439  9
5495  10
5575  10
12727  8
6863  8
12847  9
6295  8
13327  8
8191  9
10783  9
13831  9
7415  9
1519  8
10391  8
12975  8
14279  9
8927  8
1847  7
2399  9
9087  9
11759  9
3247  9
5783  7
551  9
4143  9
191  9
3615  9
6055  10
14191  9
2639  9
14423  8
4895  9
8271  8
7543  8
8183  9
463  9
1295  9
8575  9
7279  9
11319  8
12695  9
5415  8
14159  8
12879  8
8415  9
2223  9
12031  9
12295  8
5887  8
2799  9
4199  9
7199  9
1599  9
10903  10
8591  8
823  9
10991  9
4503  8
11415  8
9367  8
7567  9
8823  9
12935  9
2775  9
14575  8
2535  9
9455  9
12391  8
4943  9
12183  9
7335  10
11911  8
8991  8
1247  8
9671  9
8655  9
4631  9
6575  9
3959  8
10703  8
8471  9
7551  9
10687  9
9415  10
13415  8
6023  8
3607  9
5367  8
5639  8
2951  8
11135  8
9263  9
887  8
9015  9
9111  8
13119  9
9031  9
9759  9
10671  7
1895  8
14415  9
8759  8
2719  8
4375  9
2431  9
10591  8
14343  8
13847  9
7511  8
12055  8
503  8
1119  8
8983  9
2815  8
3159  9
12111  8
5239  8
9999  8
8103  8
13783  9
3295  10
7535  8
10279  9
10103  9
2783  9
4087  9
2087  9
12087  10
1719  9
10343  8
13791  9
55  9
9055  8
10511  9
5983  8
11007  9
1647  8
6647  7
5191  9
8999  9
11583  9
2983  9
9207  9
5799  10
8687  9
183  8
12463  9
8895  8
4335  8
1391  8
8367  9
8311  10
10367  9
13279  10
3431  9
47  9
6327  9
2543  8
1103  9
4487  8
11095  9
207  9
3503  9
13175  9
7159  9
991  9
9815  9
9383  9
12703  9
13503  8
14127  8
4719  9
5847  9
7559  9
2967  10
6535  9
