7532  9
1084  9
13732  10
10780  8
7332  9
9804  8
6308  8
7020  8
13244  9
11852  8
14748  9
6644  9
140  9
7988  9
204  10
956  10
10100  9
12612  9
8516  8
4780  9
6332  9
3436  9
5324  10
4260  9
6028  9
12540  8
11476  8
492  8
1148  8
7948  8
11348  8
1596  9
1780  9
7548  9
3932  9
13628  8
4628  9
1500  9
460  9
6940  9
4724  9
9396  9
548  8
12420  9
9100  9
1732  10
5796  9
2092  9
11084  10
5508  8
1716  9
6684  9
5492  9
6764  8
9084  10
2052  8
196  9
12620  9
13716  9
10124  9
5204  8
14292  9
4228  7
14044  8
8036  9
4156  9
9364  8
10804  9
5932  9
14860  9
10476  8
2180  10
3500  9
988  9
7284  9
8052  10
9492  9
12532  10
1940  9
1468  8
836  10
8348  9
1556  8
11172  8
13940  9
7572  8
8676  9
11508  9
436  9
9452  9
3700  9
11780  10
7156  8
11092  10
11628  9
7476  9
12252  8
14924  8
14148  8
8836  9
2588  9
13404  9
1044  9
6676  9
8564  7
13508  8
1076  9
6060  8
9196  9
5124  9
5420  9
4  8
6668  8
3180  8
5156  8
5708  9
1300  8
11532  9
11956  7
3980  9
14540  9
8948  9
11804  8
796  9
9468  9
10660  9
6180  8
8420  9
236  9
316  8
3140  9
612  9
14188  9
11820  8
12508  8
10828  9
14164  9
2724  10
3164  9
9428  10
10540  8
5964  10
8172  8
10276  9
1356  7
5484  8
7380  8
14484  8
14612  10
5908  8
2332  9
10324  9
14348  8
3620  8
2068  9
2004  8
13196  9
5028  8
4612  10
10532  8
12628  9
7772  8
1228  9
11620  8
8740  9
10956  9
13428  9
13516  8
3548  8
1132  8
14668  8
1532  8
4772  8
52  9
6484  9
10708  9
13212  9
14908  9
156  8
6324  9
11988  9
2132  9
11484  9
5252  9
4092  8
6284  9
10684  9
5988  9
7228  8
7468  9
14868  8
7732  10
12868  10
4900  10
7236  9
11132  9
14364  9
4220  10
2972  9
12156  9
12068  9
6980  9
6948  9
10516  7
10252  9
5300  9
7012  9
14020  9
5428  8
4020  8
3380  9
7268  10
13460  8
5084  9
5876  10
14604  9
1004  7
5772  10
7180  8
11140  9
5260  9
2868  8
11004  9
6116  9
9772  8
8060  9
7628  9
5148  9
11716  10
8108  8
11164  9
3236  8
8716  9
6372  8
14980  9
8356  8
6788  9
10996  8
10988  8
5444  9
11068  9
14556  9
14788  8
4276  10
348  8
3524  9
4540  8
692  9
8588  9
5812  9
11060  9
8660  8
11244  8
5620  9
3220  8
8436  9
10788  8
2412  9
13692  8
8924  9
13124  9
5940  9
7196  8
6532  9
13260  9
1268  8
8572  9
8908  8
9412  9
13612  8
13412  8
2452  10
13492  8
7900  9
2220  8
2948  9
5404  9
6724  9
9700  8
100  9
10732  9
14276  9
332  10
10172  9
5916  7
1092  8
300  9
6228  8
2644  9
10164  9
11812  8
10300  8
1988  8
8988  8
3644  9
812  9
9868  10
12460  9
532  9
5228  9
13020  8
9292  9
14308  9
12036  9
13436  9
10228  8
12484  8
1196  8
6956  8
7100  8
5100  8
7668  8
10860  8
14156  10
5884  8
3692  8
7028  8
3412  9
6292  8
4356  9
14636  8
3228  8
10876  8
3148  9
7844  10
3116  8
10044  9
28  8
8964  7
6244  9
3196  10
8244  8
10052  9
13972  9
5972  10
2508  8
10444  9
12092  8
14380  9
2820  8
8260  10
11308  10
9356  8
9524  9
9716  9
3796  8
6796  8
4388  9
13108  9
1252  8
7780  8
8788  9
3132  9
4740  9
1660  8
6404  9
7756  9
3172  9
13204  9
6124  8
9780  9
11748  8
12972  8
12284  8
7492  9
2300  9
44  10
11612  9
10004  8
9604  9
12148  9
6844  8
12940  9
8956  9
14468  8
8476  8
8580  9
876  9
13004  8
5740  8
3156  9
14620  9
5364  9
14092  9
8180  8
396  8
7908  10
9004  9
4996  8
3012  8
20  9
11332  8
6268  8
268  8
1788  8
2548  8
5628  8
4756  9
11364  8
10372  8
12308  8
13932  8
14412  9
1580  8
11692  8
12748  9
7324  9
9668  8
2524  10
7132  8
6612  9
9284  8
14756  8
13740  9
3804  9
9148  8
8268  9
444  9
3996  9
7364  8
620  9
3068  8
8412  9
9020  8
60  9
9108  8
8796  8
12388  9
5092  8
10068  10
14524  9
6636  9
10364  9
12812  9
4132  9
12676  8
6868  9
36  9
12668  10
7428  9
11660  8
2060  8
924  8
4404  9
4012  9
9332  9
2244  8
14500  9
8748  8
148  8
10964  9
3444  9
13668  8
940  8
6236  9
3244  9
10452  7
12796  9
13116  9
12404  9
6660  8
8340  9
12724  8
6692  8
8460  8
10420  9
11980  8
5116  9
13300  8
2196  8
2860  9
700  8
14316  9
13036  9
12412  8
6500  9
8860  9
2788  9
12828  9
14836  9
7652  8
8620  9
580  9
8292  9
11604  8
13420  10
11996  9
4684  8
5956  9
2436  8
10284  9
10564  9
2396  9
12436  9
6148  8
11412  8
10612  8
3404  8
14972  8
11940  9
13364  8
4300  9
12892  8
12  9
3788  9
4884  8
1876  8
452  9
5244  9
12556  9
14108  8
5188  8
6476  9
420  9
3884  8
11388  9
10108  9
13580  8
10036  9
2036  9
7452  9
13524  9
1908  10
6524  9
2188  8
3324  9
10132  8
8116  10
4364  9
4812  10
3636  8
11148  9
4348  8
3092  9
2540  9
14332  9
1068  8
636  9
3708  9
9052  10
10636  8
4580  9
3556  8
10900  8
4956  9
11580  8
4868  9
1316  10
2804  9
7116  9
2756  10
12020  10
92  9
3348  8
14932  8
13292  8
8388  8
13220  9
2836  9
13076  10
1324  9
7820  9
652  8
13468  8
1852  8
84  10
12140  9
6076  9
2748  9
10180  8
76  8
9852  9
13708  8
10820  9
8876  8
5348  9
14876  9
2420  9
7764  8
10972  10
11316  8
4964  9
1796  9
10140  8
124  8
1340  8
10836  9
6508  9
10084  8
948  10
1420  9
4948  9
2444  9
13548  9
372  10
820  7
3964  8
9932  8
12900  8
1124  9
3340  10
10724  9
12988  8
8100  8
1772  10
6012  9
9940  8
12428  8
8396  9
3476  9
892  9
2780  9
1996  8
3940  9
10772  8
14324  8
9812  8
7996  9
14964  9
10948  9
4860  9
13572  9
10388  9
5372  9
3900  8
5756  9
11340  9
5108  9
7004  8
2276  8
1452  9
10212  10
9140  9
14060  8
7220  9
6564  8
13268  9
10508  9
4564  10
3356  9
14988  9
6356  9
5764  8
8444  9
5068  9
6412  8
11844  9
13500  9
1396  9
5332  10
7172  8
11796  8
8428  9
11196  8
2628  8
7092  10
13284  8
7612  8
13996  8
11548  8
10244  8
14580  9
1972  9
4788  9
5892  10
3108  9
5692  9
8276  8
11044  9
188  9
13060  9
5292  8
14796  9
12076  9
5284  9
4532  9
364  8
6044  8
11756  9
3972  10
12548  9
4636  9
13604  9
7260  8
3892  8
4436  9
11108  10
6604  9
2228  9
2380  8
1948  9
7524  8
5564  9
11636  9
3852  9
4172  10
12124  9
8644  9
14716  9
12348  10
12924  9
5572  9
6212  9
14476  10
11596  10
5780  10
10852  9
14444  9
3956  9
10148  8
12004  9
484  9
5076  9
14828  8
9308  8
2340  9
3460  9
4844  9
7036  10
860  10
14236  9
10692  8
11124  9
7084  9
828  8
8772  9
6820  8
964  8
11652  9
5644  9
13700  9
2316  8
5804  9
6596  8
13964  8
1644  9
12316  8
1812  9
13044  9
11188  8
9892  9
5924  10
2908  8
5948  8
14708  8
8844  8
13276  9
6812  10
14436  9
1860  8
9556  9
4164  9
8556  10
7460  9
7868  8
1980  9
8044  9
9276  8
4284  8
6516  8
12204  9
8548  8
388  9
14100  9
3260  10
3820  9
9764  8
1676  8
2388  10
2500  9
6540  10
8628  9
12820  8
12636  9
11924  9
9540  9
12324  8
2580  8
14492  9
1156  8
1332  10
4500  7
4188  9
8468  9
3924  8
6916  9
2932  9
5652  9
8524  9
9460  8
852  10
14644  8
6964  9
13820  9
1276  9
3076  8
5580  10
3732  8
11404  9
4380  9
8492  8
3756  9
756  7
6436  8
1508  9
9500  8
6572  8
6932  8
1844  9
14460  8
7588  8
12772  8
1692  8
2140  10
10908  8
4852  9
2460  9
3276  9
8828  8
5900  8
8508  9
7796  9
14596  8
12196  9
684  9
244  10
4604  8
3300  10
14892  8
2684  9
7916  10
9404  8
1388  9
10796  9
3908  8
4932  9
10700  8
14004  9
6588  9
10196  8
7388  9
14724  8
11684  8
6748  9
12108  8
8132  10
4692  9
11932  9
9252  8
4972  10
1188  9
4668  9
12220  8
14284  9
3292  9
6252  8
14124  9
980  9
8972  9
5548  9
13348  8
14076  9
9348  9
9212  9
4748  9
13444  9
2284  9
3044  9
4660  9
5852  10
1604  7
3372  9
7404  9
1140  9
1380  9
3668  9
5716  8
7940  8
1684  8
2204  8
7108  9
14948  9
13828  9
1924  8
7044  9
7508  9
7564  8
2212  8
12716  8
5012  10
4252  9
7316  9
5476  9
11428  8
12740  8
14372  8
4340  9
8724  10
11180  9
5748  9
7252  8
6132  10
12396  8
596  9
1108  9
2764  9
10588  9
9420  9
13476  9
1180  8
7892  8
7956  8
13332  9
14652  8
10756  9
8700  9
11372  9
2620  9
10596  9
1292  9
5516  8
11036  8
6492  9
8636  9
4644  8
6004  8
14532  8
5164  8
14852  9
1212  8
12708  8
12604  9
14052  9
11572  9
13780  9
12700  9
5132  9
14508  8
3764  10
772  8
11292  8
9060  8
6388  8
7148  9
1724  8
428  10
7396  8
9068  9
1900  8
9076  9
12468  9
6156  9
6220  9
4476  9
8708  8
5460  8
9484  9
13012  9
2892  9
9172  8
13636  9
14772  9
8452  8
7700  8
228  9
6196  9
7596  8
8868  10
2716  9
10340  8
12180  10
9836  9
4116  9
14220  10
7812  9
8004  8
9828  9
8196  8
1404  8
13452  9
4876  8
11644  8
2108  10
12444  9
13188  9
8692  8
1308  9
9724  9
12300  9
13980  8
4828  9
10092  9
2116  8
12564  9
11260  7
3332  9
5004  9
12476  8
11252  9
12852  8
2732  9
4036  9
14356  10
13948  9
14588  9
292  9
5676  9
13988  8
7060  10
4060  8
2164  8
8204  8
6092  8
5236  9
9116  9
9092  9
14684  9
252  9
2604  8
1020  8
5732  9
7052  9
10348  9
9908  8
10892  9
5636  9
13660  10
11516  8
14068  10
2964  9
13908  9
10748  9
5604  9
8284  9
2924  8
1932  8
3740  9
5788  8
3484  8
12356  9
3284  8
14804  10
11156  10
740  9
14132  10
3516  9
13372  8
804  9
6828  8
4028  9
7356  9
1172  8
6580  9
12132  9
12052  9
8228  8
4452  9
8236  8
1100  8
3364  9
8220  9
8804  8
5044  9
10764  10
2844  9
11772  9
13852  10
4108  8
7124  8
3452  9
8156  8
4940  9
3060  9
1540  8
5844  8
4796  9
6452  8
9588  9
2668  9
6140  9
7860  9
4588  9
14228  9
14204  9
2956  9
11284  9
14420  8
2980  10
8484  9
2364  10
6468  9
8764  8
588  9
764  9
8068  8
12804  8
2020  10
6876  8
4396  9
1916  8
12884  9
11916  9
6340  9
2700  8
8324  8
9516  9
572  8
11460  8
14452  8
13676  9
1548  9
4180  9
13956  9
8820  10
6996  8
9964  8
11860  8
10484  9
6988  9
9748  10
12756  9
13556  9
6836  9
2564  9
13836  9
2012  8
9660  9
8652  9
1884  9
1492  9
3388  9
2236  9
3020  10
9260  8
9132  9
7836  9
7924  8
2988  8
14700  9
11020  8
508  10
11052  8
3716  8
12836  9
2876  8
3492  8
6804  9
11564  8
1516  8
8148  8
3724  8
2324  8
7308  9
4236  9
7300  9
8500  9
11884  8
2612  9
14300  9
116  9
1708  8
13812  9
8916  9
5412  9
8684  9
1620  8
12292  9
9444  9
6556  8
12524  9
7660  9
14260  10
9036  8
9564  8
2348  9
7604  10
10716  8
10924  9
12340  8
12964  8
1804  8
14732  10
13764  8
2356  8
10412  8
9380  9
3468  10
14172  9
1740  8
6772  9
3124  8
8940  9
3860  10
212  9
6892  9
9820  8
12644  9
14916  8
8812  9
3836  9
4324  8
1220  8
5140  8
6780  9
6884  9
9244  10
12452  9
9972  9
3572  8
10676  8
676  8
2852  9
8852  9
3540  8
4332  9
10916  9
14116  9
4764  8
9956  8
9620  8
9124  8
4524  9
5860  8
2156  8
2100  8
9916  8
12980  8
9644  9
2916  8
5468  8
1012  10
556  10
5180  9
12012  9
476  8
2308  8
7340  9
6756  8
6364  8
9228  9
5524  8
14404  9
10236  9
6204  9
4100  9
14036  9
8076  9
9596  9
1484  9
8308  9
708  10
10556  9
6100  8
1116  10
5980  8
11236  8
8900  10
10580  9
14196  9
6908  8
14268  9
6068  9
13564  9
8012  9
2516  9
13340  9
3748  9
10268  9
2532  8
11948  9
5308  8
11724  9
9548  8
11444  8
2484  8
5596  9
13132  8
6172  9
14676  9
13316  9
3612  9
1436  9
5396  9
7204  10
5868  9
8084  8
4140  9
9692  9
14692  9
11788  8
8300  9
13892  9
12084  9
6396  9
12956  9
9740  9
2740  9
10156  9
7884  10
10316  9
7740  8
7620  9
12764  9
5020  8
11220  9
3916  8
13924  9
220  8
6972  8
2476  8
972  8
13356  9
4820  8
1756  8
1892  9
5380  9
780  8
8932  9
1748  9
9188  9
11268  8
308  9
1836  9
8124  8
3844  8
12228  8
2172  9
8540  9
14028  9
6620  9
13380  9
14956  9
12876  9
8380  9
4980  9
2428  9
13884  9
5996  9
4836  8
14244  8
748  8
12660  8
3596  8
1764  9
14388  8
5060  9
9860  8
13916  9
716  10
4068  9
12188  9
13876  9
108  9
6052  9
540  9
13652  8
14012  9
10260  8
1236  9
10572  9
4444  9
1524  8
12492  9
7684  9
2996  9
12116  9
14212  8
5836  8
2260  9
4708  9
7636  9
2148  9
3188  9
5540  9
5212  8
10380  8
6860  8
3580  9
468  9
8140  8
3028  8
7804  10
3948  9
8092  8
11500  8
6300  9
9628  8
9340  8
932  9
9796  8
68  8
13156  8
2556  8
8996  8
11588  8
1260  8
2596  8
324  9
180  9
1868  9
7932  10
8372  8
12260  9
9164  9
13596  10
1036  8
14340  9
996  9
4212  8
7412  9
11452  8
12044  9
11100  9
14572  10
14548  10
5660  9
1060  8
3532  9
11764  8
10844  9
4508  9
628  9
13860  9
13588  9
3812  8
11900  8
3052  9
4732  8
9372  8
7716  9
11740  9
14740  9
3772  8
3420  8
13092  9
12364  8
7556  8
9324  9
10404  8
10116  8
7444  9
11076  9
11212  8
9028  9
7972  8
1828  8
14564  9
10668  9
2372  8
5500  8
14084  9
524  10
10940  8
13252  8
13684  9
14900  8
13396  9
1636  9
884  8
10628  8
5588  9
12212  8
9220  9
12500  8
6020  8
14180  10
11436  9
10356  10
2708  8
12596  9
9652  9
404  8
7348  9
4196  9
9572  9
3780  8
6900  8
11228  8
11468  8
2940  9
13484  8
11876  8
12860  8
7980  9
2492  9
10076  8
1428  8
4124  9
12236  9
7876  8
164  8
5220  8
6548  8
9924  8
4908  8
6348  8
9436  8
9236  9
4148  8
7068  9
9988  9
3604  9
9476  8
10604  9
2660  9
6716  8
4420  8
13796  8
14812  9
5532  8
2636  9
13028  10
8604  8
1564  9
4460  9
13236  8
1700  9
2772  8
9268  9
9788  9
8668  10
9948  8
11868  8
12788  9
5700  8
7292  9
3268  10
7188  9
11972  9
14660  9
10332  8
7484  9
9980  8
9316  8
12844  9
8164  10
9300  8
4292  8
5828  10
10644  10
8596  10
11492  9
7276  9
2028  8
172  9
916  9
5612  9
10428  9
3212  8
4516  9
5452  8
12268  8
9580  9
284  8
1956  9
12948  9
10652  9
11028  9
3828  9
516  8
8252  9
3036  9
6652  8
14396  8
14780  9
3652  8
4372  8
8980  9
3308  9
11324  9
8188  10
8780  9
12332  8
10020  8
7540  9
13756  10
11276  9
13804  9
4244  9
12732  8
6628  9
12172  8
8884  9
4468  9
2124  10
380  8
132  9
1052  9
12276  8
5268  9
9684  8
2884  8
500  9
660  8
12780  8
7372  9
13140  8
7164  9
6164  9
6852  8
2404  8
3004  8
4428  10
9732  9
9508  9
12908  9
9044  7
2900  9
10884  9
10220  9
4548  9
3252  8
13164  9
260  9
10548  8
6708  8
844  7
8532  9
7500  9
5052  10
6276  8
9612  8
9532  8
900  8
4052  8
11700  8
6188  10
12100  10
2252  9
6924  8
13540  9
2692  8
13620  8
356  9
13748  9
5436  7
3588  8
340  8
5556  9
2076  8
2828  10
10868  10
10620  9
13052  9
14820  10
14884  9
10740  10
12932  9
4916  9
4700  8
14252  8
732  8
8212  9
1652  9
7788  9
11908  8
9388  10
1364  9
6460  10
12372  9
12652  8
13900  9
2468  9
12684  8
4924  9
644  8
5356  8
6700  9
13068  9
1284  8
3988  9
1612  10
3396  8
1028  9
1668  9
1412  8
1476  9
13532  9
6036  10
2676  8
10292  9
11204  9
2084  9
4412  9
7828  8
9156  9
11540  9
1348  8
11828  10
2572  9
10012  8
4004  9
11396  10
7076  8
10812  9
13772  9
14628  9
9012  9
3428  8
14940  8
5036  8
12060  7
2796  8
14516  8
7140  10
7516  9
5172  8
6260  8
10188  9
6420  9
13172  8
10492  8
10524  10
5196  9
9636  9
11732  9
7964  8
4988  10
6380  9
12692  8
3876  8
3204  8
13228  9
4484  8
10460  8
9844  9
12572  9
1372  9
5388  8
8332  9
8364  9
11524  9
12588  9
13180  8
1572  9
4572  9
4204  8
11708  8
13644  9
14140  8
4556  8
13148  9
14764  9
7708  9
8612  10
1244  9
4892  9
7676  9
4268  8
10028  7
7580  8
7724  8
12028  9
12996  10
6084  9
10204  9
11556  9
4316  8
1820  9
7692  10
1164  9
11356  9
11420  8
6740  8
3868  8
14428  8
13724  7
6108  9
7748  10
4044  8
9884  9
14996  8
12916  9
11300  9
412  9
7420  9
8028  10
13788  9
2292  8
9180  9
9996  10
4076  9
3684  10
10500  9
5316  8
13844  9
868  8
8756  8
4716  8
2812  8
9900  10
4620  7
10436  10
1588  8
13324  10
668  9
11380  9
2268  9
11116  9
4596  9
908  10
9204  10
3628  9
10468  9
3316  9
5276  10
8404  10
8020  8
7244  9
10308  8
5668  9
1204  9
6444  9
4804  9
4652  8
2044  8
6316  10
2652  9
7436  9
7644  8
8892  8
11964  9
13308  9
3660  8
1628  9
14844  8
3100  8
4308  8
5684  9
3508  8
6428  9
4676  8
3084  9
788  8
9676  10
9756  9
564  9
1444  8
724  8
7212  9
11836  9
276  9
4084  9
11676  7
7852  9
13868  8
5820  10
10980  8
10060  8
10396  9
1460  9
10932  9
13084  8
11668  10
12164  9
11892  8
8316  9
13388  9
3564  9
8732  9
12244  9
11012  9
4492  9
604  8
1964  9
3676  8
5340  10
6732  8
9708  8
12380  9
9876  8
12580  9
12516  10
13100  9
5724  9
