10050  9
10290  9
3586  10
13114  9
1410  8
14866  8
11490  9
3066  9
6754  9
10378  9
12282  8
5618  8
9962  9
8786  9
11434  9
5354  8
8074  9
8906  8
466  9
14002  9
14378  8
6410  8
12218  7
8370  9
1466  8
13298  9
3706  10
8218  9
14138  9
2506  9
450  8
2594  8
14554  9
6778  9
2346  10
10114  8
3650  8
8810  8
11018  9
6538  10
2602  9
9274  8
8234  10
13234  8
6642  8
2938  9
7394  9
13850  8
6450  9
9154  10
14882  10
3922  8
1202  8
5754  8
7034  9
2706  9
7098  8
5090  9
9482  9
338  8
3858  8
8386  9
14586  9
5506  8
6818  9
5898  8
1098  8
4226  9
12682  9
13242  8
12882  9
14154  9
266  9
834  9
13826  8
11698  8
5746  9
12018  9
2618  9
14010  9
4106  8
11730  9
2762  9
5850  8
9530  8
10330  8
3146  9
3722  9
3490  8
9762  7
10138  8
13834  9
13258  9
8546  10
5522  10
6674  9
10498  9
12818  9
2034  8
6498  9
9618  9
1186  9
4562  9
4306  9
12866  8
8426  10
1906  9
12482  9
6306  9
10178  9
1674  8
4682  8
7962  9
7666  8
9946  9
5394  8
2578  8
7570  9
10242  8
12962  10
12890  9
3018  10
1042  8
5082  9
14330  9
10666  9
12618  10
10858  9
12754  8
4498  9
14090  9
7146  9
11946  9
12194  8
11618  8
14938  9
874  8
14634  10
3298  8
7138  9
162  9
10914  9
12746  9
1850  8
10186  9
7074  8
13698  9
6898  9
13658  7
1218  9
13466  9
7890  10
6722  9
994  8
9514  8
7218  8
4258  8
1922  8
5170  9
3602  10
9250  9
9106  10
12938  8
9458  8
14242  9
13058  8
1690  9
11642  9
2178  8
7322  9
6850  8
14730  9
6970  10
498  8
13594  9
306  10
282  8
4954  8
13402  8
3202  10
7770  8
11562  9
9634  9
4730  9
298  8
5186  9
5930  9
10626  8
4266  10
13626  9
6602  8
10322  9
770  10
11066  8
5954  8
9802  9
362  9
3658  8
5258  9
1066  9
2514  9
6066  9
13746  8
14962  8
10386  8
10738  10
13730  9
1290  9
13570  8
1898  9
4602  8
2426  8
922  9
1050  8
10466  8
6258  9
4986  9
3554  9
8474  9
8674  8
10794  9
4282  9
42  8
8594  9
2930  9
1730  10
9698  9
3930  9
14066  8
14698  9
8658  9
14530  9
3946  10
2322  9
8018  9
8770  9
10082  10
930  9
3274  8
11418  9
12946  8
7274  9
906  9
8602  9
3914  8
12522  9
9330  8
4810  10
1418  8
10106  9
10418  10
13410  8
1858  10
3810  9
5874  10
11354  9
4802  8
5570  9
12130  10
482  9
5738  9
2906  8
13842  9
9394  9
2586  10
3330  8
10434  9
3186  9
850  9
3938  8
13650  8
4786  8
2194  8
9810  9
10346  9
7258  9
5074  9
8522  8
12514  8
858  8
11138  9
14914  9
13770  9
2338  9
12114  8
658  8
6770  9
738  9
6658  9
9642  9
6002  8
1842  9
1930  9
2818  9
3090  8
14610  8
7226  9
3370  9
3378  8
11178  8
9354  8
7466  8
354  9
6490  9
7482  8
5146  9
106  9
8010  9
3338  9
8330  9
4794  9
9362  9
10850  8
2802  9
7506  10
274  9
11938  8
9170  8
7586  9
14578  9
2666  9
5922  9
7698  10
3882  9
14738  8
8282  10
9970  9
13554  8
9346  8
8210  9
14986  9
4122  9
11426  8
10986  8
14338  8
14394  9
1642  8
3394  9
9282  10
6666  10
6922  10
12426  8
7514  8
5106  9
3474  9
5698  8
5306  10
1370  10
9578  8
618  8
7378  9
3762  9
7898  9
9082  9
7082  8
3466  10
13786  8
5594  10
10594  8
12714  8
3010  8
1802  9
10642  9
1818  8
2170  8
9650  9
2386  8
9674  8
13218  9
418  8
13378  9
3690  8
18  9
10458  10
9218  9
14650  8
1794  8
3050  10
13066  8
1618  9
1722  10
11498  8
8042  8
4170  10
3218  8
6650  9
5322  10
370  9
5602  10
13322  8
9914  8
4298  9
12362  10
10570  9
14922  8
14130  9
11994  8
3818  8
6058  8
1450  9
1778  8
11906  8
13146  8
1234  9
8730  9
2538  9
7618  8
14442  9
3250  8
6098  9
426  7
7674  9
7938  10
8002  8
2290  8
14546  8
978  10
1890  8
13506  8
242  9
12154  9
8826  9
7170  9
2898  9
5466  8
1322  9
8154  8
13426  9
2114  9
4346  9
2890  9
8314  8
13074  10
2482  9
10194  9
10834  8
3346  8
2058  8
5474  9
3906  8
11394  9
3770  9
6050  8
5818  10
7954  9
2674  8
210  9
7418  8
2658  9
2722  9
10266  8
14426  9
642  8
1530  8
12738  9
2154  9
12226  9
7194  9
3994  8
3162  9
5810  9
6242  10
778  8
6402  8
8130  9
12098  8
4738  9
7522  9
11818  9
1426  8
1786  8
12674  9
2242  10
13762  7
2498  9
9034  8
6786  8
11146  8
1330  8
4938  10
986  9
3362  8
11314  9
12290  9
5866  8
11810  8
11402  9
14490  8
12626  9
14282  9
4778  8
14994  8
8066  8
14570  8
1658  9
12994  8
2234  9
2362  8
3746  9
5946  8
3130  9
8322  8
12050  9
2202  8
12658  9
4594  9
8882  8
9522  9
14202  10
7714  9
8954  9
2138  10
5962  9
11298  9
1754  10
10554  9
8946  8
1058  9
14234  9
9754  8
842  9
11586  8
2298  8
434  8
4362  8
4994  8
2250  10
4722  8
6706  9
8090  9
4882  9
10450  10
7946  8
2874  8
14370  10
14498  8
12042  8
698  8
3970  9
13418  9
8274  8
11002  8
98  7
9594  8
5482  9
8714  8
11954  9
12306  9
2370  8
7442  9
6562  9
11650  8
3730  9
2410  9
5450  8
6866  8
11098  9
14978  9
12578  8
11250  9
122  9
10482  10
3058  9
8346  8
12146  8
4474  10
9050  8
10394  8
5426  9
8034  8
12266  9
8962  10
10090  10
9090  8
1834  8
6954  9
14402  9
2130  8
11826  10
9306  10
6018  8
5042  10
13346  10
9882  9
10826  10
5026  10
8138  9
9706  9
14146  9
4394  8
4386  9
2394  8
3666  8
8538  9
4618  8
5994  8
10026  8
786  9
7826  8
8970  10
13602  8
14274  8
5098  10
10162  9
1994  8
1178  8
9490  10
9066  9
14906  8
7682  8
4074  10
7402  8
11970  9
7330  9
3322  9
11130  9
13890  9
9714  8
11706  8
4130  10
5370  9
14170  8
1266  8
6530  8
2490  9
1298  8
11154  9
4186  10
1258  9
11674  8
3890  8
1346  8
10906  9
3226  8
9658  9
1874  9
5330  10
9058  9
13362  8
13250  9
12978  8
14874  8
13530  9
7858  10
11746  10
7834  8
4754  8
3458  9
378  9
1306  8
9042  9
26  8
3898  9
11858  9
4818  9
6418  9
9794  10
11626  9
1362  9
5674  9
9666  9
12858  8
3778  9
2146  9
3386  9
12770  9
7874  8
4698  9
12450  9
6578  8
13210  9
11346  9
634  8
7866  9
11882  9
12410  9
6698  8
14354  8
14642  9
3674  8
6570  9
9610  9
12386  8
6610  9
562  9
7242  8
1378  8
5658  8
4546  10
13090  8
3482  9
6458  8
9130  9
8794  9
11922  9
4858  8
258  9
2314  9
5130  9
13186  9
6546  9
11090  9
5770  10
10170  9
7810  9
826  9
14690  9
234  8
3194  9
10690  8
3178  9
12034  9
13306  8
762  10
1434  9
130  8
3562  8
14226  8
1666  8
11898  10
13970  9
5162  9
10066  9
6218  8
7642  8
14794  8
3082  8
2714  9
2442  9
2842  9
10146  9
6210  8
6434  9
14194  8
2066  8
4706  10
7346  9
13690  8
11450  9
1274  9
4354  9
8506  8
5794  8
3234  8
2274  8
13914  9
10994  10
3122  8
12898  9
13738  9
11266  8
14658  9
3642  10
14602  9
3698  8
4514  8
6586  8
11058  8
898  9
4978  9
10426  10
1026  9
7594  8
3442  9
12794  8
14970  8
8578  9
6442  8
10954  8
13562  8
7314  9
12466  9
12778  8
4442  10
12394  9
14410  9
2698  9
178  9
4146  9
12594  9
11370  10
14466  10
9002  8
8490  8
13170  8
1090  8
8170  8
2106  10
394  10
1122  9
4322  9
5778  9
13162  8
7906  9
14594  8
882  9
10522  8
8482  10
4578  9
8922  8
8930  9
2754  8
6794  8
10730  9
7162  9
10370  9
3802  8
14666  9
9442  10
12442  10
2826  8
4666  9
8706  9
970  8
8098  8
8306  8
11026  9
202  9
7690  8
4586  9
8082  8
13490  10
4690  9
5978  8
8986  8
5002  9
11802  9
9234  9
6146  9
13946  9
4842  9
7386  9
11386  9
6962  8
666  9
1458  9
6730  10
13354  8
10018  8
12474  7
4506  9
2018  10
2050  9
10538  8
8114  8
6186  8
6010  8
11658  8
9074  9
4490  9
5274  10
7746  9
10634  8
10818  9
7914  8
706  8
10778  8
7650  10
12170  9
12586  10
802  9
2650  8
8362  8
9874  10
3426  9
12634  8
610  9
14114  8
2922  9
50  9
2522  9
1082  10
8642  8
12706  9
10762  9
4762  8
9906  8
2954  8
154  9
4650  8
1586  9
5786  10
11306  7
13634  8
12322  8
5562  10
11290  8
7298  8
3626  9
3962  9
8562  9
13978  8
12930  9
13722  9
10226  9
14298  9
7266  8
6370  10
1610  9
12402  8
8458  9
9834  9
13794  8
7122  9
1194  9
4370  8
4242  8
12914  9
2530  9
8754  9
8738  10
8898  9
2458  9
10682  8
8698  8
7002  8
7530  8
4018  8
9690  8
11474  9
2002  8
14050  8
2354  8
13482  8
4714  9
586  9
4890  10
7922  8
12258  8
14682  9
8050  9
13122  10
1338  8
12642  10
5202  8
226  10
2850  9
4402  8
14818  8
9570  9
11754  8
3002  8
10546  9
10586  9
11554  8
14306  10
1282  8
2010  9
9370  9
7154  9
9498  9
14458  9
9682  9
10250  9
3306  9
12074  9
10746  8
5802  9
5122  9
14106  8
12458  8
11242  9
11890  9
12786  8
11762  9
6330  9
10258  9
4642  9
13882  9
6178  9
7658  9
3282  9
14362  8
11170  9
5554  9
13042  8
12802  8
13666  9
11282  9
1386  9
58  9
10530  10
8394  9
11634  9
7234  9
13618  9
2330  9
7930  9
10514  9
5178  8
10786  9
10402  8
1714  8
9858  9
6042  9
1970  9
10010  9
6298  9
7554  9
2634  9
754  8
11234  9
5938  8
4674  9
4418  9
8570  10
5058  8
11538  9
11594  8
13922  8
8226  8
3418  9
7282  9
7986  9
9850  10
9242  8
506  8
7050  8
5914  10
14538  9
8682  10
13938  10
2626  8
3834  9
11986  8
13810  9
6074  8
7818  8
10338  9
8434  10
4450  8
6234  10
5282  9
12010  10
7434  8
14290  9
13370  9
3434  7
4770  8
9818  7
12418  8
2746  8
8354  9
11850  8
11322  9
12162  9
5826  9
11842  9
13986  9
3986  9
34  9
9506  8
10714  9
12314  8
13994  8
14714  9
14258  10
2306  9
6202  10
10042  9
8530  9
2378  9
10810  8
14098  8
12986  9
682  8
1826  9
11722  10
4338  8
6426  9
13754  9
1682  10
5234  8
10722  9
14522  9
7090  9
10210  8
74  9
9722  8
1226  9
10034  9
1602  9
11666  9
14562  9
2074  9
1106  9
13642  10
2770  9
3794  8
5690  8
7498  8
12274  9
9290  10
12538  10
12690  9
4538  9
890  9
8258  9
13802  9
1538  8
2946  8
10890  8
11330  7
3546  9
14954  9
1762  7
12250  7
4834  9
6762  9
8818  9
12090  8
6122  8
6994  9
8858  9
114  9
9314  10
2210  9
1498  9
3266  8
8250  8
2186  8
9098  9
6266  9
4746  9
10754  8
14186  9
5442  8
4410  8
14858  9
6802  8
14506  9
3754  9
7778  8
5154  8
4162  9
9418  10
6106  8
12354  8
5050  9
13330  8
11274  8
290  8
5498  9
7066  9
7186  8
13458  9
10946  8
1354  8
9258  9
818  8
714  8
8378  8
5882  8
11162  9
2026  9
6738  9
8666  9
10234  9
4826  9
6474  9
1170  8
4234  9
5434  10
1914  9
6626  9
9842  9
6354  8
6938  8
8914  8
7970  9
10930  9
8298  9
1938  10
4010  9
1002  9
6810  9
11466  8
9026  9
2914  8
66  9
10938  8
10274  9
138  8
9898  9
3498  9
1706  9
11522  9
6290  9
5250  8
530  9
3314  9
9602  9
4930  8
7290  8
5346  9
1866  9
3354  10
2434  10
6322  8
11258  9
7026  9
11458  8
5018  9
9122  9
12242  8
11082  9
11570  7
4434  10
1242  9
9890  8
3842  8
6834  9
330  10
6826  9
7474  10
14770  9
10618  9
14722  9
10506  8
13906  9
6378  8
4290  8
6522  8
3170  8
11442  9
14810  9
3530  8
194  9
12722  9
13858  9
12378  9
2570  9
7738  9
5386  8
12490  8
1130  9
14082  9
5610  9
5730  8
8842  9
10218  8
8866  9
722  9
8242  9
8618  10
3154  8
8290  8
12730  9
5642  9
13538  10
6882  9
12570  9
12298  7
8418  8
4906  9
14618  9
13266  10
5530  8
13474  9
322  9
4330  9
5842  9
10282  8
2642  8
3714  8
9826  8
218  10
4026  8
7802  9
4482  9
2682  9
14890  9
7018  9
13386  9
12602  9
2546  9
2474  9
7562  9
4626  8
9114  8
14218  9
11794  8
3826  9
6914  8
1578  9
3786  8
9538  8
2994  8
3034  8
1562  8
10562  8
11962  9
14626  8
3242  9
12058  8
3618  8
2986  8
4314  9
1738  9
11690  8
1074  8
11194  8
5858  9
9922  8
9226  9
13930  9
1626  8
2418  8
5066  9
10898  9
2962  10
5194  9
90  9
7490  7
13018  9
13106  8
5626  10
1114  9
13522  9
9562  9
4194  10
13194  8
6554  8
9426  8
13874  9
4570  8
10874  8
538  9
10306  9
6746  9
4850  8
9402  8
12330  8
250  9
4042  8
13434  8
14386  8
11186  8
5242  9
690  9
14834  8
12106  8
10970  9
8186  9
2  8
4138  8
10130  8
11866  9
554  8
1138  9
7706  8
6978  9
12554  9
11930  10
946  9
8586  8
10658  9
14762  9
14842  9
12370  9
4962  9
1554  8
12650  9
14266  10
13290  8
746  9
2042  9
7250  9
938  9
3290  8
12826  9
2970  9
7370  8
14058  9
13682  9
13578  9
11610  8
12970  9
4114  8
7602  9
2082  8
410  8
10610  8
1482  8
14026  8
8338  9
8266  8
7546  9
8690  10
6594  9
4034  10
11202  10
3954  9
8466  9
5682  9
14210  8
14802  10
8634  9
8610  9
386  9
5586  10
7978  9
7722  9
14250  8
7178  9
11074  9
12066  9
5538  9
13010  10
8978  9
9546  9
346  10
10098  9
14314  9
146  8
13138  9
514  9
5298  9
9586  9
8778  8
11122  8
1570  9
12834  9
1162  8
5722  8
7362  9
810  8
13514  8
13586  9
8498  8
1882  8
2778  10
11226  10
5314  8
14514  8
954  8
9210  10
8850  9
10354  10
10002  8
3258  9
3538  9
13450  8
14778  9
6842  8
11786  8
13714  9
4866  9
2882  9
626  8
2266  8
6282  9
6634  8
6314  7
6154  8
9322  9
1250  8
6714  10
12874  9
5266  9
9930  10
2554  9
9746  10
962  8
12082  8
1010  10
13034  8
13610  9
4658  9
11506  9
12210  9
1402  9
4098  8
8178  8
13202  8
13338  8
1946  8
2090  9
2610  8
9786  8
10602  8
3866  9
2786  9
2402  9
3210  9
5634  8
9554  10
10698  8
8194  9
9178  8
4178  10
8514  8
13674  9
5410  9
8106  9
8122  9
10298  9
11410  8
10842  9
8058  8
13226  9
14482  9
12546  9
1770  9
3610  8
12122  8
4050  8
12762  9
10866  9
7114  9
13130  10
794  8
5490  9
10578  9
8938  8
14946  8
13498  9
6890  9
1210  9
9730  8
602  8
4874  8
4210  10
1146  10
474  9
5114  8
11050  8
8554  8
12002  9
6082  9
650  9
14418  10
3042  8
13778  9
12842  10
11714  8
8722  9
9626  10
8762  8
730  8
6506  8
12954  9
13002  8
402  9
12434  9
10962  8
7130  9
5290  8
11034  9
4378  9
3514  9
12562  9
4066  8
11874  8
13282  10
7786  9
10474  8
3978  7
6034  8
2122  8
14674  9
2098  8
8650  9
3114  9
2866  9
14706  9
14898  8
2738  9
14178  8
10674  8
10978  9
13898  9
6930  8
6986  9
674  9
914  8
14850  9
10882  9
1154  8
5906  9
14034  8
7106  8
9866  8
12530  8
3410  9
13962  9
14042  8
11770  8
2562  10
6482  9
12026  10
5714  9
9778  9
9994  9
1978  8
8994  8
14162  9
14474  10
14074  8
6026  8
13866  9
13274  9
8202  9
5650  9
7626  8
13050  8
2162  8
5210  9
4898  8
7794  8
13026  8
10  9
5762  9
3578  8
8402  9
2218  8
8802  8
12850  9
11914  8
4522  8
2690  8
7994  8
13442  8
7306  8
11106  8
7354  9
6138  9
490  9
3570  9
9474  8
8834  10
11738  10
314  9
4154  10
6946  8
10770  8
3138  9
7882  9
3402  9
3098  9
14450  9
2282  8
11362  9
11602  8
3106  9
5338  8
2258  8
2466  8
1546  9
5362  9
3874  9
1314  9
170  8
6362  8
8026  8
2858  9
4610  8
14322  8
12698  8
4058  10
2450  9
3594  9
7610  8
11682  10
8450  9
9338  8
4090  8
9466  9
9186  9
6226  8
7754  8
4530  9
12810  9
11210  9
11514  9
14826  8
5834  8
13314  9
1514  8
9378  9
1962  9
6274  8
5514  8
9162  9
6338  8
4970  9
14018  7
9410  9
13154  9
6386  8
7578  9
9450  10
5226  8
1442  8
186  8
8442  7
13546  9
9138  9
9194  9
1594  8
5970  9
12346  8
9386  9
11778  9
2226  10
2810  9
3506  9
6170  8
10802  9
2730  9
10490  9
6114  9
1954  8
82  9
4458  8
5378  10
7042  9
3450  9
4218  8
9146  10
866  9
7850  8
1394  8
10706  8
12922  9
10314  9
1810  10
4466  9
1474  8
5402  10
6874  9
10202  9
4002  9
11010  9
546  9
1650  9
5138  8
12186  9
9298  9
11978  8
5890  9
7338  8
2834  8
1698  10
1746  8
6250  8
9202  9
12178  8
12506  9
10154  8
1634  8
3026  8
13706  8
1986  9
1522  8
4426  10
7202  8
9938  9
8626  8
8890  9
8874  9
10442  9
5578  9
14930  9
6618  8
7634  8
12234  10
11578  8
5218  10
6130  9
6466  7
13178  10
7058  9
11378  9
7762  8
10410  8
6090  9
458  9
9010  9
7010  8
12138  9
14122  8
5418  9
6194  8
14746  9
13082  8
5010  9
1034  9
1018  9
12338  9
12610  9
14346  9
5986  8
1506  9
13098  9
7842  8
4250  8
578  9
12202  10
6514  9
3850  9
594  8
4082  8
2794  8
442  9
3074  9
6690  9
4554  10
14786  9
3522  9
4274  9
9770  8
6682  9
10650  9
2978  8
11218  9
570  9
8746  9
6394  8
8410  9
11482  9
9266  9
5546  9
4634  10
7538  9
3738  9
6162  9
9978  10
4914  9
6906  8
11546  10
7450  8
10362  9
11042  10
4946  8
8146  10
11834  9
9434  8
7210  9
10122  9
13818  8
9954  9
10922  10
7426  10
4202  9
9986  9
11338  8
14754  8
7458  9
13954  9
10058  9
6858  9
5458  9
3634  9
12666  8
14434  9
5706  9
9738  10
12498  8
12906  9
11114  9
13394  7
1490  9
7730  8
4922  8
5666  9
5034  9
8162  8
9018  10
11530  9
3682  9
10074  9
6346  9
7410  8
522  10
