785554338
735555272
665555783
515554792
515556145
455556613
505554182
575552171
605557342
575550444
885555129
695558077
665559961
535558532
575554337
605552420
455557662
665555679
695555357
795558738
605552074
515556748
795550012
605553439
505559390
785551247
505557025
455558405
535558322
735550842
665559530
535555516
735550933
665559452
575556316
665554465
455559801
695554249
695559142
885551097
605555058
605558791
575556501
455554535
725556319
725551060
515552837
795557752
455556085
535554966
695553103
695555251
785559157
885553671
575551492
505550145
725551958
735557610
575559453
605550592
795553140
665554963
665554389
695552094
455555686
735559488
575559482
795554871
785551195
605550779
515552400
455550831
795552004
605553989
575551382
575555792
505557503
735556616
455554100
505550327
735558150
605552243
505554695
535554310
505559753
725555271
505558810
785559364
735551450
665559523
455554824
535554627
455553525
515552327
785553149
735554344
515551592
535554715
505552135
515556608
665558427
605558627
695555089
885558175
515556567
725552100
665552158
795550482
725559191
455553988
695555358
455555663
735550450
795550935
725556944
535552882
505557267
695552325
695553323
575552837
605554051
535551718
535556680
785551455
735556775
735558110
725554948
665550866
695557410
785558254
735553083
515556494
885557867
735559703
795554076
455555103
695556519
665552520
885559971
605552959
575550353
575557869
885552585
605550325
515550889
725552613
605558009
725555243
575552568
785550301
605559689
735550301
785558083
575558466
885552561
665558446
725558058
725556618
455554667
785557659
575558995
505559161
535559824
505550359
725556311
505559002
885551152
695559906
795551286
605553785
725559187
505554280
665556883
785550783
665551322
785550420
885558327
735558482
695553259
505558547
535552512
695552616
515557243
735553374
785558706
665554523
735558917
695556678
725555130
575552522
795553232
515555834
735553724
605550127
535559240
535552488
575552631
535556226
795553677
505550949
785554371
665557458
735553115
515550021
575554212
505550247
455558822
785553591
785553627
735558621
665552844
455550305
885554818
785555206
665551441
695557545
665552735
735552491
605557713
795558856
605550378
505553792
575552216
575553975
605550904
885551562
515550318
505557388
885556927
505551879
785557535
885551033
725552240
725554346
515559105
795558768
795559223
695554925
535555584
575551518
795550076
575551679
515555345
785552763
885555259
665552376
725556455
605553124
795557668
455555906
455553622
735559602
795550454
795557983
885557727
665556587
725553074
455552561
735552288
575550722
725552720
795557365
575559050
795556320
725553130
725552824
725555020
605550447
505557516
605556371
515550479
515556839
795555567
725559714
695555613
735551797
725550812
725555555
725553992
455555836
665556518
665557083
735557664
885557532
795555315
505552713
505555617
575558867
455555519
735557706
535557883
735551356
695550919
725553451
535556271
455555705
605553625
455557162
665550457
575550455
535551065
695550084
785552880
535555268
885552348
795559959
665554289
605552934
575552229
515552387
455558238
785559287
515558063
505551135
575550245
665550055
725554175
575551554
535551184
605551625
605558051
505552982
605552033
785554440
535550583
515550789
735554735
575558911
695558876
575554935
665553979
605557724
725559740
505554440
535557868
665556604
535556824
575554000
695557045
785554257
695558551
785555825
505559713
795551281
695554894
735556865
695550104
795551926
795553271
795552089
885558402
795550819
605558465
725552283
795552442
785550510
665551732
455550356
535556911
605558106
505557944
695552747
605554138
505555385
885557462
455558139
505555688
795556781
505553366
695553448
885558869
455559520
505551018
735558838
575559595
505556073
795558880
695554750
725550420
735552812
515554901
725558259
795555710
665555159
455558010
695550682
665559683
695557233
665551872
735552505
515552392
605554837
795552328
535553476
505557122
535554276
725554133
515554600
535553593
885551743
725555618
505552196
885553894
515559693
455558662
605558748
885554433
885559924
665559597
505551579
505559001
575558849
725559769
695552299
725558105
505551046
735550390
735558748
535557215
665555762
455553847
535556351
535551842
575555610
455559120
885556216
505554654
605554636
695551220
735559590
795555390
735552956
735557176
725557483
665558702
505552888
575558285
505558433
725552697
575557263
725550057
785557813
695553593
785556951
785556709
695550044
605556767
725558169
725555686
785556279
515552399
885553028
725559151
455557115
535551186
725558979
575556808
665556627
795550656
885551715
505558667
695552744
725551257
795558611
575552882
515557853
515559601
505552559
795551442
665553154
665558973
695556962
665557273
535554122
575559507
785559716
515553029
535550996
695553538
455555293
695550357
785551435
725554153
885559971
455558049
725554549
515559999
695555106
695558781
665557371
725554405
695559059
665550791
885553332
735559458
535558934
695551688
885552619
735553880
605558195
885559467
505559649
885559105
725550590
885551352
695558362
575557648
455554238
575558971
725558935
695555512
535555236
515557893
575551545
795550086
505557927
455556926
515559539
455556982
665554053
535557858
725554190
505553213
885556094
735551875
535552739
735555193
455551380
605557778
665558185
505554459
885551471
515555994
505554530
785556140
735555219
515555040
455552821
455550886
795559954
505554174
455556536
505551812
725550020
575551133
885555841
785555132
535559018
605556492
535556751
575559066
535556947
885556477
665559040
605550032
735553191
695555866
785552226
725551245
455554375
505557604
505557975
535553482
665550665
605554650
695555184
695555144
885556390
785555378
605552468
505558590
735553769
885555743
695558052
535555932
455551164
535550234
535559869
785559572
795559215
505556278
605551490
515556237
725558421
455558531
605557095
885557605
575556315
665556931
455554562
535559341
725552523
575551892
535550801
695559379
575552274
885550293
515557321
515552317
535556317
515553233
455550842
795550346
885551338
795553363
605553266
535557351
785550435
725558312
515558985
695555745
665552113
795551591
695557983
455554760
725555209
795556358
665553434
515550352
505551344
795552284
695553496
725555392
735553776
455559692
725558989
665554245
885555334
885559865
455557235
665556496
505552293
575557859
605551040
515556089
505551230
515557983
795555027
455556749
665559485
535554693
725552834
535555924
575553328
665558887
725557889
535559435
605559670
515558887
785556869
725552864
505556595
455552860
785553601
575551385
515558406
605551087
735552583
515551790
695551996
455554287
505554861
605551922
605558018
735558169
785551915
695556487
575555911
795552368
885553872
695559910
795559726
605552248
795554625
605559593
535554910
535556324
455556143
885559609
665558723
785556146
735557939
795552671
795552522
725552271
795554891
795552263
795559839
725559706
785553702
785552552
695559270
735555001
735557191
535552185
515552171
695558681
575556741
795553410
665559101
725553794
695554898
785553460
695556367
455550442
605557473
455556345
735558914
535554298
505559599
515558778
885554634
605554113
515552812
735557804
535558863
575555461
515553984
885553667
505551470
505550511
455556452
535550734
505557294
735552504
455552398
725552135
535557340
575558298
605555845
515556341
455553076
735555068
605551924
795551134
885556584
695555572
605550717
885551808
665557398
695551178
575555948
505554579
515552628
695555156
785553943
535557122
505559429
785556037
725556329
795556345
795556378
505552919
505551326
785558364
505558549
785556675
725556494
695556311
795556782
535555475
455556106
515550890
505554473
795556249
455550964
575554773
795557932
795558000
795557906
575551745
455552503
575552569
515554360
605552514
725553441
735554908
505550646
725558230
505554201
695550452
785554529
785557430
575559644
725557289
885550225
455559070
735556148
515554445
695552118
575558641
665559720
665552897
505555082
515555698
455551561
515556565
725555862
785559907
795551530
575559565
515556871
785558100
605552150
535557939
665550434
605554718
505554396
725558002
735552045
535555556
725557409
735555276
455551220
575559658
785558716
885553753
885556249
665552795
665557183
795551109
885552285
695559368
575552969
575556503
605559374
785551168
795554360
665557246
885551493
605554394
505555189
505556254
515553656
515555476
725553158
575553965
505557180
575554128
605553649
885550152
735559187
515555495
505558736
795550669
505554095
785558725
725558443
665558379
535551225
535556541
605552770
785552975
515552505
735550144
505557159
735555699
725557279
795556994
885557492
455557726
735552664
885550370
575553069
505558500
575555338
695552945
605553099
515556679
725555072
725550001
605552424
725557928
505551318
505553297
665552910
735552623
725550223
695551045
695556280
605553268
575554111
795559886
505552261
505554863
795556879
515557930
795558711
735558838
725555369
505554452
695554800
725559564
505553722
735554726
785557417
605551652
535550717
785554839
505558719
605553143
695558547
795556559
885555052
665559828
515550419
725553589
725556271
535552818
665555286
665555828
505556178
575559284
725554364
785554826
735557415
725557189
785559267
725559888
785556602
785559492
575558639
575550399
695559788
785558532
515554446
505558180
785555964
725557041
505559246
575556393
605553344
735558200
505559458
605552547
535554373
735553485
725559716
725553402
665550445
695556235
535555671
785558873
605553668
695553874
605554643
455551170
605550901
725551639
695557132
515559766
665551491
725558339
735559115
505557823
885554876
795550088
725555939
885558006
695553149
605558195
535553952
575558864
665555199
575559733
535559498
665551285
795550522
785555462
695558807
515550448
505553986
665554621
535552808
735551637
505559776
885556369
605552968
785559211
505558258
725558726
695553553
575558571
455552705
695554605
515557346
515554676
515556552
725559097
695554279
605551924
575550189
795558627
455559940
505559741
505557329
725552960
725553096
735553460